0 0.731250 0.735417 0.729688 0.737500 0.728125 0.737500 0.728125 0.747917 0.731250 0.752083 0.732812 0.752083 0.734375 0.750000 0.734375 0.737500 0.732812 0.735417
0 0.567187 0.675000 0.562500 0.681250 0.562500 0.691667 0.565625 0.691667 0.567187 0.689583 0.567187 0.687500 0.568750 0.685417 0.568750 0.675000
0 0.432812 0.672917 0.431250 0.675000 0.431250 0.687500 0.434375 0.691667 0.435937 0.691667 0.435937 0.672917
0 0.296875 0.570833 0.295312 0.572917 0.295312 0.575000 0.300000 0.581250 0.306250 0.581250 0.306250 0.577083 0.301563 0.570833
0 0.837500 0.435417 0.837500 0.441667 0.839063 0.443750 0.846875 0.443750 0.846875 0.441667 0.843750 0.437500 0.842187 0.437500 0.840625 0.435417
0 0.471875 0.381250 0.468750 0.385417 0.475000 0.393750 0.478125 0.393750 0.478125 0.387500 0.476562 0.385417 0.476562 0.383333 0.475000 0.381250
0 0.285938 0.379167 0.278125 0.389583 0.278125 0.393750 0.276562 0.395833 0.276562 0.397917 0.279687 0.397917 0.281250 0.395833 0.284375 0.395833 0.287500 0.391667 0.287500 0.385417 0.289062 0.383333 0.289062 0.379167
0 0.157812 0.352083 0.157812 0.356250 0.159375 0.358333 0.159375 0.360417 0.162500 0.364583 0.167187 0.364583 0.168750 0.362500 0.179688 0.362500 0.179688 0.360417 0.176563 0.356250 0.165625 0.356250 0.162500 0.352083
0 0.425000 0.304167 0.423438 0.306250 0.423438 0.308333 0.421875 0.310417 0.421875 0.314583 0.420312 0.316667 0.420312 0.318750 0.425000 0.318750 0.428125 0.314583 0.429688 0.314583 0.429688 0.306250 0.428125 0.304167
0 0.581250 0.275000 0.579688 0.277083 0.578125 0.277083 0.575000 0.281250 0.576562 0.283333 0.581250 0.283333 0.584375 0.279167 0.584375 0.275000
0 0.660937 0.262500 0.659375 0.264583 0.659375 0.277083 0.660937 0.279167 0.662500 0.279167 0.662500 0.277083 0.664062 0.275000 0.664062 0.266667 0.662500 0.264583 0.662500 0.262500
0 0.257812 0.258333 0.256250 0.260417 0.254688 0.260417 0.254688 0.262500 0.256250 0.264583 0.265625 0.264583 0.267188 0.262500 0.267188 0.258333
0 0.743750 0.216667 0.737500 0.225000 0.737500 0.231250 0.740625 0.231250 0.745313 0.225000 0.745313 0.216667
1 0.695312 0.891667 0.695312 0.908333 0.693750 0.910417 0.693750 0.931250 0.692187 0.933333 0.692187 0.947917 0.690625 0.950000 0.690625 0.964583 0.689063 0.966667 0.689063 0.993750 0.690625 0.995833 0.707812 0.995833 0.707812 0.966667 0.706250 0.964583 0.706250 0.935417 0.704688 0.933333 0.704688 0.912500 0.703125 0.910417 0.703125 0.893750 0.701562 0.891667
