0 0.731250 0.779167 0.729688 0.781250 0.729688 0.789583 0.731250 0.791667 0.734375 0.791667 0.735938 0.789583 0.735938 0.781250 0.734375 0.779167
0 0.568750 0.716667 0.564063 0.722917 0.564063 0.733333 0.565625 0.735417 0.567187 0.735417 0.567187 0.733333 0.568750 0.731250 0.568750 0.729167 0.570312 0.727083 0.570312 0.716667
0 0.434375 0.714583 0.432812 0.716667 0.432812 0.731250 0.437500 0.731250 0.437500 0.716667 0.435937 0.714583
0 0.296875 0.614583 0.296875 0.616667 0.301563 0.622917 0.303125 0.622917 0.304688 0.625000 0.306250 0.625000 0.307812 0.622917 0.307812 0.620833 0.303125 0.614583
0 0.839063 0.475000 0.837500 0.477083 0.837500 0.479167 0.842187 0.485417 0.848437 0.485417 0.848437 0.481250 0.845313 0.477083 0.842187 0.477083 0.840625 0.475000
0 0.473438 0.420833 0.470313 0.425000 0.468750 0.425000 0.475000 0.433333 0.478125 0.433333 0.478125 0.422917 0.476562 0.422917 0.475000 0.420833
0 0.285938 0.420833 0.279687 0.429167 0.279687 0.431250 0.278125 0.433333 0.278125 0.435417 0.275000 0.439583 0.276562 0.441667 0.281250 0.441667 0.282813 0.439583 0.284375 0.439583 0.287500 0.435417 0.287500 0.429167 0.289062 0.427083 0.289062 0.425000 0.290625 0.422917 0.290625 0.420833
0 0.157812 0.393750 0.157812 0.397917 0.162500 0.404167 0.165625 0.404167 0.167187 0.402083 0.170313 0.402083 0.171875 0.404167 0.179688 0.404167 0.179688 0.402083 0.176563 0.397917 0.165625 0.397917 0.162500 0.393750
0 0.425000 0.345833 0.425000 0.350000 0.421875 0.354167 0.421875 0.360417 0.425000 0.360417 0.429688 0.354167 0.429688 0.347917 0.428125 0.345833
0 0.581250 0.312500 0.578125 0.316667 0.578125 0.318750 0.575000 0.322917 0.575000 0.325000 0.581250 0.325000 0.585938 0.318750 0.585938 0.314583 0.584375 0.312500
0 0.662500 0.304167 0.659375 0.308333 0.659375 0.316667 0.664062 0.316667 0.664062 0.304167
0 0.260937 0.297917 0.259375 0.300000 0.254688 0.300000 0.254688 0.304167 0.256250 0.306250 0.265625 0.306250 0.267188 0.304167 0.267188 0.300000 0.265625 0.300000 0.264062 0.297917
0 0.745313 0.256250 0.739062 0.264583 0.739062 0.270833 0.742188 0.270833 0.746875 0.264583 0.746875 0.256250
0 0.528125 0.222917 0.528125 0.231250 0.529687 0.233333 0.532813 0.233333 0.532813 0.227083 0.529687 0.222917
1 0.276562 0.895833 0.276562 0.922917 0.278125 0.925000 0.278125 0.966667 0.279687 0.968750 0.279687 0.995833 0.295312 0.995833 0.296875 0.993750 0.296875 0.979167 0.295312 0.977083 0.295312 0.972917 0.293750 0.970833 0.293750 0.964583 0.292187 0.962500 0.292187 0.950000 0.290625 0.947917 0.290625 0.943750 0.289062 0.941667 0.289062 0.927083 0.287500 0.925000 0.287500 0.922917 0.285938 0.920833 0.285938 0.908333 0.282813 0.904167 0.282813 0.897917 0.281250 0.895833
