0 0.731250 0.741667 0.729688 0.743750 0.729688 0.745833 0.728125 0.747917 0.728125 0.750000 0.729688 0.752083 0.729688 0.754167 0.732812 0.754167 0.734375 0.752083 0.734375 0.743750 0.732812 0.741667
0 0.567187 0.679167 0.562500 0.685417 0.562500 0.693750 0.564063 0.695833 0.565625 0.695833 0.567187 0.693750 0.567187 0.691667 0.568750 0.689583 0.568750 0.679167
0 0.432812 0.677083 0.431250 0.679167 0.431250 0.691667 0.432812 0.691667 0.434375 0.693750 0.437500 0.689583 0.437500 0.681250 0.435937 0.679167 0.435937 0.677083
0 0.295312 0.577083 0.295312 0.579167 0.300000 0.585417 0.306250 0.585417 0.306250 0.581250 0.303125 0.577083
0 0.837500 0.439583 0.835938 0.441667 0.840625 0.447917 0.846875 0.447917 0.846875 0.443750 0.845313 0.441667 0.843750 0.441667 0.842187 0.439583
0 0.471875 0.385417 0.471875 0.391667 0.475000 0.395833 0.478125 0.395833 0.478125 0.391667 0.476562 0.389583 0.476562 0.387500 0.475000 0.385417
0 0.285938 0.383333 0.278125 0.393750 0.278125 0.397917 0.275000 0.402083 0.276562 0.404167 0.279687 0.404167 0.281250 0.402083 0.282813 0.402083 0.287500 0.395833 0.287500 0.389583 0.289062 0.387500 0.289062 0.383333
0 0.157812 0.356250 0.157812 0.362500 0.162500 0.368750 0.167187 0.368750 0.168750 0.366667 0.179688 0.366667 0.179688 0.364583 0.176563 0.360417 0.164062 0.360417 0.160938 0.356250
0 0.425000 0.308333 0.423438 0.310417 0.423438 0.314583 0.421875 0.316667 0.421875 0.318750 0.420312 0.320833 0.420312 0.325000 0.423438 0.325000 0.428125 0.318750 0.429688 0.318750 0.429688 0.310417 0.428125 0.308333
0 0.579688 0.279167 0.573438 0.287500 0.581250 0.287500 0.584375 0.283333 0.584375 0.281250 0.585938 0.279167
0 0.662500 0.266667 0.659375 0.270833 0.659375 0.281250 0.662500 0.281250 0.664062 0.279167 0.664062 0.270833 0.662500 0.268750
0 0.256250 0.262500 0.254688 0.264583 0.254688 0.266667 0.265625 0.266667 0.267188 0.264583 0.267188 0.262500
0 0.743750 0.220833 0.737500 0.229167 0.737500 0.233333 0.742188 0.233333 0.745313 0.229167 0.745313 0.220833
1 0.560937 0.875000 0.560937 0.885417 0.559375 0.887500 0.559375 0.933333 0.557813 0.935417 0.557813 0.960417 0.556250 0.962500 0.556250 0.995833 0.576562 0.995833 0.576562 0.956250 0.575000 0.954167 0.575000 0.945833 0.573438 0.943750 0.573438 0.937500 0.571875 0.935417 0.571875 0.920833 0.570312 0.918750 0.570312 0.895833 0.568750 0.893750 0.568750 0.881250 0.567187 0.879167 0.567187 0.875000
