0 0.765625 0.645833 0.765625 0.654167 0.771875 0.662500 0.773438 0.662500 0.775000 0.664583 0.778125 0.664583 0.779687 0.662500 0.779687 0.660417 0.776563 0.656250 0.776563 0.654167 0.771875 0.647917 0.770312 0.647917 0.768750 0.645833
0 0.123438 0.581250 0.121875 0.583333 0.121875 0.600000 0.123438 0.602083 0.126562 0.602083 0.126562 0.600000 0.128125 0.597917 0.128125 0.583333 0.126562 0.581250
0 0.232813 0.581250 0.231250 0.583333 0.231250 0.585417 0.234375 0.589583 0.235937 0.589583 0.237500 0.591667 0.243750 0.591667 0.245312 0.589583 0.245312 0.585417 0.242188 0.581250
0 0.165625 0.562500 0.165625 0.564583 0.167187 0.566667 0.167187 0.570833 0.171875 0.577083 0.173437 0.577083 0.175000 0.579167 0.178125 0.579167 0.178125 0.570833 0.171875 0.562500
0 0.362500 0.547917 0.362500 0.556250 0.365625 0.560417 0.365625 0.562500 0.368750 0.566667 0.371875 0.566667 0.371875 0.556250 0.370312 0.554167 0.370312 0.552083 0.368750 0.550000 0.367188 0.550000 0.365625 0.547917
0 0.065625 0.516667 0.064062 0.518750 0.060937 0.518750 0.059375 0.520833 0.057813 0.520833 0.054688 0.525000 0.054688 0.527083 0.056250 0.529167 0.065625 0.529167 0.067187 0.527083 0.068750 0.527083 0.071875 0.522917 0.071875 0.518750 0.070312 0.516667
0 0.643750 0.535417 0.642188 0.537500 0.642188 0.552083 0.645312 0.556250 0.646875 0.556250 0.648438 0.554167 0.648438 0.543750 0.646875 0.541667 0.646875 0.539583
0 0.718750 0.504167 0.714063 0.510417 0.714063 0.518750 0.717187 0.518750 0.723437 0.510417 0.723437 0.504167
0 0.471875 0.504167 0.467187 0.510417 0.467187 0.514583 0.473438 0.514583 0.475000 0.512500 0.476562 0.512500 0.479687 0.508333 0.479687 0.504167
0 0.431250 0.497917 0.429688 0.500000 0.428125 0.500000 0.425000 0.504167 0.425000 0.506250 0.426563 0.508333 0.434375 0.508333 0.439063 0.502083 0.439063 0.497917
0 0.256250 0.495833 0.254688 0.497917 0.254688 0.500000 0.257812 0.504167 0.268750 0.504167 0.270313 0.502083 0.270313 0.500000 0.267188 0.495833
0 0.148438 0.493750 0.148438 0.504167 0.151562 0.508333 0.157812 0.508333 0.157812 0.502083 0.151562 0.493750
0 0.609375 0.487500 0.607812 0.489583 0.607812 0.502083 0.612500 0.508333 0.614062 0.508333 0.614062 0.493750 0.612500 0.491667 0.612500 0.489583 0.610938 0.487500
0 0.514062 0.485417 0.514062 0.495833 0.520312 0.504167 0.523438 0.504167 0.523438 0.497917 0.521875 0.495833 0.521875 0.493750 0.515625 0.485417
0 0.384375 0.479167 0.376563 0.489583 0.376563 0.493750 0.381250 0.493750 0.387500 0.485417 0.387500 0.479167
0 0.495312 0.479167 0.495312 0.491667 0.500000 0.497917 0.501563 0.497917 0.501563 0.485417 0.496875 0.479167
0 0.101562 0.477083 0.101562 0.483333 0.106250 0.489583 0.107813 0.489583 0.109375 0.491667 0.115625 0.491667 0.117188 0.489583 0.117188 0.487500 0.109375 0.477083
0 0.707812 0.468750 0.707812 0.477083 0.712500 0.483333 0.718750 0.483333 0.718750 0.479167 0.717187 0.477083 0.717187 0.475000 0.712500 0.468750
0 0.629687 0.458333 0.626563 0.462500 0.628125 0.464583 0.642188 0.464583 0.642188 0.462500 0.639062 0.458333
0 0.353125 0.445833 0.351562 0.447917 0.351562 0.458333 0.353125 0.460417 0.353125 0.462500 0.357812 0.468750 0.360938 0.468750 0.360938 0.464583 0.359375 0.462500 0.359375 0.454167 0.357812 0.452083 0.357812 0.450000 0.354687 0.445833
0 0.301563 0.437500 0.300000 0.439583 0.300000 0.450000 0.301563 0.452083 0.301563 0.454167 0.303125 0.456250 0.304688 0.456250 0.306250 0.458333 0.307812 0.456250 0.307812 0.443750 0.303125 0.437500
0 0.425000 0.437500 0.425000 0.445833 0.429688 0.452083 0.434375 0.452083 0.434375 0.443750 0.429688 0.437500
0 0.570312 0.425000 0.570312 0.427083 0.568750 0.429167 0.568750 0.435417 0.570312 0.437500 0.570312 0.441667 0.571875 0.443750 0.575000 0.443750 0.576562 0.441667 0.576562 0.435417 0.575000 0.433333 0.575000 0.429167 0.571875 0.425000
0 0.500000 0.418750 0.500000 0.420833 0.501563 0.422917 0.501563 0.425000 0.507812 0.433333 0.512500 0.433333 0.512500 0.427083 0.506250 0.418750
0 0.409375 0.379167 0.407813 0.381250 0.406250 0.381250 0.403125 0.385417 0.403125 0.387500 0.404687 0.389583 0.412500 0.389583 0.414062 0.387500 0.415625 0.387500 0.418750 0.383333 0.418750 0.381250 0.417187 0.379167
0 0.296875 0.341667 0.295312 0.343750 0.295312 0.347917 0.301563 0.356250 0.307812 0.356250 0.307812 0.347917 0.304688 0.343750 0.303125 0.343750 0.301563 0.341667
1 0.168750 0.877083 0.167187 0.879167 0.167187 0.954167 0.164062 0.956250 0.164062 0.979167 0.167187 0.979167 0.167187 0.995833 0.196875 0.995833 0.196875 0.989583 0.193750 0.987500 0.193750 0.981250 0.193750 0.979167 0.193750 0.970833 0.192188 0.968750 0.192188 0.966667 0.189062 0.964583 0.189062 0.956250 0.189062 0.954167 0.189062 0.945833 0.187500 0.943750 0.187500 0.939583 0.184375 0.937500 0.184375 0.929167 0.184375 0.927083 0.184375 0.920833 0.181250 0.918750 0.181250 0.912500 0.179688 0.908333 0.179688 0.904167 0.179688 0.904167 0.179688 0.900000 0.176563 0.895833 0.176563 0.893750 0.176563 0.891667 0.176563 0.883333 0.175000 0.881250 0.175000 0.879167 0.171875 0.877083
