0 0.328125 0.531250 0.326562 0.533333 0.326562 0.537500 0.328125 0.539583 0.331250 0.539583 0.332813 0.541667 0.340625 0.541667 0.342187 0.539583 0.343750 0.539583 0.343750 0.535417 0.342187 0.533333 0.340625 0.533333 0.339062 0.531250
0 0.432812 0.527083 0.431250 0.529167 0.429688 0.529167 0.426563 0.533333 0.426563 0.537500 0.435937 0.537500 0.440625 0.531250 0.440625 0.527083
0 0.714063 0.518750 0.714063 0.529167 0.720313 0.537500 0.723437 0.537500 0.725000 0.535417 0.725000 0.533333 0.723437 0.531250 0.723437 0.529167 0.721875 0.527083 0.721875 0.525000 0.718750 0.520833 0.717187 0.520833 0.715625 0.518750
0 0.751563 0.502083 0.751563 0.506250 0.753125 0.508333 0.753125 0.510417 0.759375 0.518750 0.762500 0.518750 0.764062 0.516667 0.764062 0.512500 0.756250 0.502083
0 0.534375 0.493750 0.532813 0.495833 0.531250 0.495833 0.528125 0.500000 0.528125 0.502083 0.526563 0.504167 0.526563 0.510417 0.529687 0.510417 0.535937 0.502083 0.535937 0.493750
0 0.582812 0.491667 0.581250 0.493750 0.581250 0.504167 0.584375 0.508333 0.585938 0.508333 0.587500 0.506250 0.587500 0.493750 0.585938 0.491667
0 0.442188 0.489583 0.442188 0.491667 0.448437 0.500000 0.456250 0.500000 0.456250 0.495833 0.451562 0.489583
0 0.629687 0.472917 0.626563 0.477083 0.626563 0.479167 0.625000 0.481250 0.625000 0.489583 0.628125 0.489583 0.632812 0.483333 0.632812 0.481250 0.634375 0.479167 0.634375 0.472917
0 0.507812 0.475000 0.506250 0.477083 0.509375 0.481250 0.521875 0.481250 0.523438 0.479167 0.523438 0.477083 0.521875 0.475000
0 0.343750 0.472917 0.342187 0.475000 0.342187 0.479167 0.343750 0.479167 0.348438 0.485417 0.350000 0.485417 0.351562 0.487500 0.357812 0.487500 0.357812 0.483333 0.350000 0.472917
0 0.546875 0.464583 0.543750 0.466667 0.542188 0.466667 0.542188 0.468750 0.539062 0.468750 0.537500 0.470833 0.537500 0.481250 0.539062 0.483333 0.542188 0.483333 0.542188 0.481250 0.543750 0.481250 0.551562 0.475000 0.551562 0.466667 0.550000 0.464583
0 0.739062 0.464583 0.737500 0.466667 0.737500 0.477083 0.740625 0.481250 0.743750 0.481250 0.743750 0.468750 0.740625 0.464583
0 0.290625 0.460417 0.289062 0.462500 0.289062 0.472917 0.290625 0.475000 0.290625 0.477083 0.292187 0.479167 0.293750 0.479167 0.295312 0.477083 0.295312 0.464583 0.292187 0.460417
0 0.306250 0.458333 0.306250 0.464583 0.312500 0.472917 0.315625 0.472917 0.315625 0.466667 0.309375 0.458333
0 0.706250 0.458333 0.704688 0.460417 0.701562 0.460417 0.700000 0.462500 0.695312 0.462500 0.693750 0.464583 0.695312 0.466667 0.712500 0.466667 0.715625 0.462500 0.715625 0.460417 0.714063 0.458333
0 0.778125 0.447917 0.775000 0.452083 0.775000 0.454167 0.773438 0.456250 0.773438 0.466667 0.775000 0.468750 0.776563 0.468750 0.778125 0.466667 0.778125 0.464583 0.779687 0.462500 0.779687 0.460417 0.781250 0.458333 0.781250 0.447917
0 0.400000 0.439583 0.400000 0.443750 0.403125 0.447917 0.407813 0.447917 0.409375 0.450000 0.414062 0.450000 0.415625 0.447917 0.415625 0.445833 0.410938 0.439583
0 0.360938 0.437500 0.359375 0.439583 0.359375 0.443750 0.362500 0.443750 0.364063 0.445833 0.371875 0.445833 0.375000 0.441667 0.375000 0.439583 0.373437 0.437500
0 0.262500 0.425000 0.260937 0.427083 0.260937 0.437500 0.264062 0.441667 0.267188 0.441667 0.267188 0.429167 0.264062 0.425000
0 0.573438 0.420833 0.571875 0.422917 0.571875 0.437500 0.575000 0.441667 0.576562 0.441667 0.578125 0.439583 0.578125 0.427083 0.576562 0.425000 0.576562 0.422917 0.575000 0.420833
0 0.462500 0.414583 0.460938 0.416667 0.460938 0.431250 0.462500 0.431250 0.464062 0.433333 0.465625 0.431250 0.465625 0.416667 0.464062 0.414583
0 0.670312 0.414583 0.665625 0.420833 0.665625 0.425000 0.664062 0.427083 0.664062 0.431250 0.667188 0.431250 0.671875 0.425000 0.671875 0.422917 0.673438 0.420833 0.673438 0.414583
0 0.553125 0.404167 0.553125 0.408333 0.554688 0.410417 0.554688 0.414583 0.559375 0.420833 0.562500 0.420833 0.562500 0.412500 0.556250 0.404167
0 0.518750 0.402083 0.517188 0.404167 0.517188 0.406250 0.518750 0.408333 0.518750 0.414583 0.525000 0.422917 0.526563 0.422917 0.526563 0.408333 0.521875 0.402083
0 0.615625 0.400000 0.614062 0.402083 0.614062 0.412500 0.618750 0.418750 0.621875 0.418750 0.623437 0.420833 0.623437 0.429167 0.625000 0.431250 0.625000 0.433333 0.629687 0.439583 0.632812 0.439583 0.632812 0.433333 0.631250 0.431250 0.631250 0.429167 0.625000 0.420833 0.623437 0.420833 0.621875 0.418750 0.621875 0.406250 0.617188 0.400000
0 0.718750 0.385417 0.717187 0.387500 0.717187 0.397917 0.721875 0.404167 0.725000 0.404167 0.725000 0.391667 0.720313 0.385417
0 0.329688 0.383333 0.329688 0.387500 0.332813 0.391667 0.334375 0.391667 0.335938 0.393750 0.342187 0.393750 0.342187 0.387500 0.340625 0.385417 0.339062 0.385417 0.337500 0.383333
0 0.421875 0.370833 0.420312 0.372917 0.420312 0.377083 0.418750 0.379167 0.418750 0.387500 0.420312 0.389583 0.421875 0.389583 0.425000 0.385417 0.425000 0.372917 0.423438 0.370833
0 0.600000 0.372917 0.600000 0.377083 0.603125 0.381250 0.614062 0.381250 0.614062 0.379167 0.609375 0.372917
0 0.487500 0.360417 0.481250 0.368750 0.481250 0.370833 0.482812 0.372917 0.487500 0.372917 0.493750 0.364583 0.493750 0.360417
0 0.664062 0.341667 0.662500 0.343750 0.662500 0.345833 0.660937 0.347917 0.660937 0.354167 0.662500 0.356250 0.662500 0.360417 0.664062 0.362500 0.665625 0.362500 0.667188 0.360417 0.667188 0.343750 0.665625 0.341667
0 0.543750 0.329167 0.542188 0.331250 0.540625 0.331250 0.535937 0.337500 0.535937 0.343750 0.537500 0.345833 0.539062 0.345833 0.545312 0.337500 0.545312 0.329167
0 0.465625 0.318750 0.460938 0.325000 0.460938 0.337500 0.464062 0.337500 0.467187 0.333333 0.467187 0.318750
1 0.418750 0.837500 0.417187 0.839583 0.415625 0.839583 0.415625 0.845833 0.414062 0.847917 0.414062 0.885417 0.412500 0.887500 0.412500 0.939583 0.410938 0.941667 0.410938 0.995833 0.437500 0.995833 0.437500 0.964583 0.435937 0.962500 0.435937 0.950000 0.434375 0.947917 0.434375 0.945833 0.432812 0.943750 0.432812 0.929167 0.431250 0.927083 0.431250 0.916667 0.429688 0.914583 0.429688 0.904167 0.428125 0.902083 0.428125 0.883333 0.426563 0.881250 0.426563 0.872917 0.425000 0.870833 0.425000 0.862500 0.423438 0.860417 0.423438 0.847917 0.421875 0.845833 0.421875 0.839583 0.420312 0.839583
