0 0.168750 0.575000 0.165625 0.579167 0.165625 0.581250 0.168750 0.585417 0.170313 0.585417 0.171875 0.587500 0.178125 0.587500 0.181250 0.583333 0.181250 0.581250 0.178125 0.577083 0.176563 0.577083 0.175000 0.575000
0 0.679688 0.522917 0.676562 0.527083 0.676562 0.533333 0.682813 0.533333 0.687500 0.527083 0.687500 0.525000 0.685937 0.522917
0 0.118750 0.500000 0.117188 0.502083 0.117188 0.504167 0.121875 0.510417 0.131250 0.510417 0.132812 0.508333 0.132812 0.506250 0.129688 0.502083 0.128125 0.502083 0.126562 0.500000
0 0.626563 0.485417 0.618750 0.495833 0.618750 0.504167 0.623437 0.504167 0.628125 0.497917 0.628125 0.485417
0 0.729688 0.479167 0.725000 0.485417 0.725000 0.495833 0.728125 0.495833 0.732812 0.489583 0.732812 0.479167
0 0.195312 0.472917 0.190625 0.479167 0.190625 0.481250 0.192188 0.483333 0.198437 0.483333 0.203125 0.477083 0.201563 0.475000 0.201563 0.472917
0 0.553125 0.439583 0.553125 0.443750 0.554688 0.445833 0.554688 0.447917 0.559375 0.454167 0.562500 0.454167 0.564063 0.452083 0.564063 0.447917 0.557813 0.439583
0 0.301563 0.441667 0.300000 0.443750 0.300000 0.445833 0.303125 0.450000 0.314063 0.450000 0.315625 0.447917 0.315625 0.445833 0.312500 0.441667
0 0.107813 0.433333 0.103125 0.439583 0.103125 0.443750 0.112500 0.443750 0.117188 0.437500 0.117188 0.433333
0 0.626563 0.429167 0.623437 0.433333 0.623437 0.435417 0.625000 0.437500 0.626563 0.437500 0.628125 0.439583 0.635938 0.439583 0.639062 0.435417 0.639062 0.433333 0.637500 0.431250 0.635938 0.431250 0.634375 0.429167
0 0.175000 0.425000 0.170313 0.431250 0.170313 0.433333 0.168750 0.435417 0.168750 0.439583 0.167187 0.441667 0.167187 0.443750 0.168750 0.445833 0.171875 0.445833 0.176563 0.439583 0.178125 0.439583 0.176563 0.437500 0.176563 0.425000
0 0.662500 0.412500 0.660937 0.414583 0.660937 0.418750 0.667188 0.427083 0.670312 0.427083 0.670312 0.418750 0.665625 0.412500
0 0.239063 0.400000 0.235937 0.404167 0.235937 0.414583 0.239063 0.418750 0.240625 0.418750 0.242188 0.416667 0.243750 0.416667 0.243750 0.408333 0.242188 0.406250 0.242188 0.402083 0.240625 0.400000
0 0.504687 0.393750 0.503125 0.395833 0.501563 0.395833 0.498437 0.400000 0.498437 0.402083 0.500000 0.404167 0.507812 0.404167 0.514062 0.395833 0.514062 0.393750
0 0.365625 0.372917 0.364063 0.375000 0.364063 0.379167 0.365625 0.381250 0.365625 0.383333 0.370312 0.389583 0.376563 0.389583 0.376563 0.381250 0.371875 0.375000 0.368750 0.375000 0.367188 0.372917
0 0.162500 0.358333 0.159375 0.362500 0.159375 0.372917 0.160938 0.375000 0.164062 0.375000 0.167187 0.370833 0.167187 0.362500 0.164062 0.358333
0 0.439063 0.354167 0.434375 0.360417 0.434375 0.366667 0.439063 0.366667 0.440625 0.364583 0.442188 0.364583 0.446875 0.358333 0.446875 0.354167
0 0.275000 0.352083 0.273438 0.354167 0.273438 0.358333 0.278125 0.364583 0.287500 0.364583 0.289062 0.362500 0.289062 0.360417 0.282813 0.352083
0 0.553125 0.331250 0.551562 0.333333 0.551562 0.339583 0.553125 0.341667 0.553125 0.345833 0.557813 0.352083 0.560937 0.352083 0.560937 0.341667 0.557813 0.337500 0.557813 0.335417 0.556250 0.333333 0.554688 0.333333
0 0.456250 0.316667 0.453125 0.320833 0.448437 0.320833 0.446875 0.322917 0.445312 0.322917 0.442188 0.327083 0.442188 0.329167 0.453125 0.329167 0.459375 0.320833 0.460938 0.320833 0.460938 0.318750 0.459375 0.316667
0 0.629687 0.312500 0.629687 0.316667 0.628125 0.318750 0.628125 0.331250 0.634375 0.339583 0.635938 0.337500 0.635938 0.327083 0.634375 0.325000 0.634375 0.322917 0.631250 0.318750 0.631250 0.312500
0 0.495312 0.285417 0.493750 0.287500 0.495312 0.289583 0.495312 0.293750 0.500000 0.300000 0.504687 0.300000 0.504687 0.293750 0.500000 0.287500 0.498437 0.287500 0.496875 0.285417
0 0.342187 0.285417 0.339062 0.289583 0.339062 0.291667 0.340625 0.293750 0.350000 0.293750 0.353125 0.289583 0.353125 0.287500 0.351562 0.285417
1 0.450000 0.829167 0.446875 0.833333 0.446875 0.872917 0.445312 0.875000 0.445312 0.893750 0.443750 0.895833 0.443750 0.947917 0.442188 0.950000 0.442188 0.995833 0.470313 0.995833 0.470313 0.989583 0.471875 0.987500 0.471875 0.975000 0.470313 0.972917 0.470313 0.958333 0.468750 0.956250 0.468750 0.950000 0.467187 0.947917 0.467187 0.943750 0.465625 0.941667 0.465625 0.922917 0.464062 0.920833 0.464062 0.908333 0.462500 0.906250 0.462500 0.900000 0.460938 0.897917 0.460938 0.881250 0.459375 0.879167 0.459375 0.866667 0.457813 0.864583 0.457813 0.850000 0.456250 0.847917 0.456250 0.841667 0.454688 0.839583 0.454688 0.831250 0.453125 0.829167
