0 0.328125 0.502083 0.326562 0.504167 0.326562 0.506250 0.329688 0.510417 0.342187 0.510417 0.343750 0.508333 0.343750 0.506250 0.342187 0.504167 0.340625 0.504167 0.339062 0.502083
0 0.431250 0.497917 0.428125 0.502083 0.428125 0.506250 0.429688 0.508333 0.434375 0.508333 0.439063 0.502083 0.439063 0.497917
0 0.712500 0.491667 0.712500 0.497917 0.714063 0.500000 0.714063 0.502083 0.718750 0.508333 0.723437 0.508333 0.723437 0.502083 0.721875 0.500000 0.721875 0.497917 0.717187 0.491667
0 0.751563 0.472917 0.751563 0.481250 0.757812 0.489583 0.762500 0.489583 0.762500 0.483333 0.754687 0.472917
0 0.532813 0.464583 0.526563 0.472917 0.526563 0.481250 0.529687 0.481250 0.534375 0.475000 0.534375 0.472917 0.535937 0.470833 0.535937 0.464583
0 0.582812 0.462500 0.581250 0.464583 0.581250 0.477083 0.584375 0.481250 0.585938 0.481250 0.587500 0.479167 0.587500 0.466667 0.584375 0.462500
0 0.442188 0.460417 0.442188 0.464583 0.446875 0.470833 0.456250 0.470833 0.456250 0.468750 0.450000 0.460417
0 0.629687 0.443750 0.625000 0.450000 0.625000 0.460417 0.628125 0.460417 0.632812 0.454167 0.632812 0.443750
0 0.506250 0.445833 0.506250 0.450000 0.507812 0.452083 0.520312 0.452083 0.521875 0.450000 0.521875 0.447917 0.520312 0.445833
0 0.343750 0.443750 0.342187 0.445833 0.342187 0.450000 0.343750 0.450000 0.350000 0.458333 0.357812 0.458333 0.357812 0.456250 0.348438 0.443750
0 0.546875 0.433333 0.543750 0.437500 0.542188 0.437500 0.537500 0.441667 0.537500 0.445833 0.534375 0.450000 0.537500 0.452083 0.537500 0.454167 0.543750 0.454167 0.546875 0.452083 0.546875 0.452083 0.546875 0.450000 0.551562 0.443750 0.551562 0.439583 0.546875 0.433333
0 0.737500 0.435417 0.737500 0.437500 0.735938 0.439583 0.735938 0.445833 0.737500 0.447917 0.737500 0.450000 0.740625 0.454167 0.742188 0.454167 0.742188 0.439583 0.739062 0.435417
0 0.703125 0.431250 0.701562 0.433333 0.695312 0.433333 0.695312 0.435417 0.696875 0.437500 0.698438 0.437500 0.700000 0.439583 0.710938 0.439583 0.712500 0.437500 0.714063 0.437500 0.715625 0.435417 0.715625 0.433333 0.714063 0.431250
0 0.306250 0.429167 0.304688 0.431250 0.304688 0.433333 0.306250 0.435417 0.306250 0.437500 0.310937 0.443750 0.314063 0.443750 0.314063 0.435417 0.309375 0.429167
0 0.290625 0.429167 0.289062 0.431250 0.289062 0.447917 0.290625 0.450000 0.293750 0.450000 0.293750 0.447917 0.295312 0.445833 0.295312 0.435417 0.293750 0.433333 0.293750 0.431250 0.292187 0.429167
0 0.778125 0.418750 0.773438 0.425000 0.773438 0.439583 0.775000 0.439583 0.779687 0.433333 0.779687 0.418750
0 0.398438 0.410417 0.398438 0.412500 0.403125 0.418750 0.407813 0.418750 0.409375 0.420833 0.414062 0.420833 0.415625 0.418750 0.415625 0.416667 0.410938 0.410417
0 0.360938 0.408333 0.359375 0.410417 0.359375 0.412500 0.362500 0.416667 0.371875 0.416667 0.375000 0.412500 0.375000 0.410417 0.373437 0.408333
0 0.573438 0.391667 0.571875 0.393750 0.571875 0.408333 0.575000 0.412500 0.576562 0.412500 0.576562 0.395833
0 0.262500 0.395833 0.260937 0.397917 0.260937 0.408333 0.264062 0.412500 0.267188 0.412500 0.267188 0.400000 0.264062 0.395833
0 0.670312 0.385417 0.664062 0.393750 0.664062 0.404167 0.667188 0.404167 0.671875 0.397917 0.671875 0.393750 0.673438 0.391667 0.673438 0.385417
0 0.462500 0.385417 0.460938 0.387500 0.460938 0.389583 0.459375 0.391667 0.459375 0.400000 0.462500 0.404167 0.464062 0.404167 0.465625 0.402083 0.465625 0.387500 0.464062 0.385417
0 0.553125 0.377083 0.553125 0.383333 0.559375 0.391667 0.562500 0.391667 0.562500 0.385417 0.556250 0.377083
0 0.518750 0.372917 0.517188 0.375000 0.517188 0.383333 0.525000 0.393750 0.526563 0.393750 0.526563 0.383333 0.525000 0.381250 0.525000 0.379167 0.520312 0.372917
0 0.623437 0.393750 0.623437 0.404167 0.628125 0.410417 0.631250 0.410417 0.631250 0.402083 0.629687 0.400000 0.629687 0.397917 0.626563 0.393750
0 0.718750 0.356250 0.717187 0.358333 0.717187 0.368750 0.718750 0.370833 0.718750 0.372917 0.721875 0.377083 0.723437 0.377083 0.725000 0.375000 0.725000 0.364583
0 0.329688 0.354167 0.329688 0.358333 0.334375 0.364583 0.342187 0.364583 0.342187 0.360417 0.337500 0.354167
0 0.420312 0.343750 0.418750 0.345833 0.418750 0.358333 0.423438 0.358333 0.425000 0.356250 0.425000 0.345833 0.423438 0.343750
0 0.601562 0.343750 0.600000 0.345833 0.600000 0.347917 0.604688 0.354167 0.614062 0.354167 0.614062 0.350000 0.610938 0.345833 0.609375 0.345833 0.607812 0.343750
0 0.485938 0.333333 0.481250 0.339583 0.481250 0.343750 0.487500 0.343750 0.492188 0.337500 0.492188 0.333333
0 0.662500 0.314583 0.662500 0.316667 0.660937 0.318750 0.660937 0.329167 0.662500 0.331250 0.665625 0.331250 0.667188 0.329167 0.667188 0.316667 0.665625 0.314583
0 0.539062 0.304167 0.532813 0.312500 0.532813 0.316667 0.540625 0.316667 0.546875 0.308333 0.546875 0.304167
0 0.465625 0.289583 0.460938 0.295833 0.460938 0.306250 0.464062 0.306250 0.467187 0.302083 0.467187 0.289583
1 0.354687 0.843750 0.353125 0.845833 0.351562 0.845833 0.351562 0.902083 0.350000 0.904167 0.350000 0.995833 0.375000 0.995833 0.375000 0.979167 0.373437 0.977083 0.373437 0.966667 0.371875 0.964583 0.371875 0.958333 0.370312 0.956250 0.370312 0.943750 0.368750 0.941667 0.368750 0.918750 0.367188 0.916667 0.367188 0.893750 0.364063 0.889583 0.364063 0.872917 0.362500 0.870833 0.362500 0.868750 0.360938 0.866667 0.360938 0.854167 0.359375 0.852083 0.359375 0.847917 0.356250 0.843750
