0 0.240625 0.666667 0.239063 0.668750 0.239063 0.670833 0.242188 0.675000 0.243750 0.675000 0.245312 0.677083 0.253125 0.677083 0.254688 0.675000 0.254688 0.672917 0.250000 0.666667
0 0.139063 0.641667 0.132812 0.650000 0.132812 0.654167 0.131250 0.656250 0.131250 0.658333 0.132812 0.660417 0.134375 0.660417 0.135937 0.658333 0.137500 0.658333 0.140625 0.654167 0.140625 0.652083 0.142187 0.650000 0.142187 0.643750 0.140625 0.641667
0 0.792188 0.633333 0.790625 0.635417 0.789062 0.635417 0.787500 0.637500 0.785937 0.637500 0.782813 0.641667 0.782813 0.647917 0.789062 0.647917 0.790625 0.645833 0.792188 0.645833 0.793750 0.643750 0.793750 0.641667 0.796875 0.637500 0.796875 0.635417 0.795312 0.633333
0 0.651563 0.604167 0.651563 0.616667 0.656250 0.622917 0.659375 0.622917 0.660937 0.620833 0.660937 0.616667 0.659375 0.614583 0.659375 0.612500 0.657813 0.610417 0.657813 0.608333 0.656250 0.606250 0.654687 0.606250 0.653125 0.604167
0 0.201563 0.587500 0.196875 0.593750 0.196875 0.604167 0.198437 0.606250 0.201563 0.606250 0.203125 0.604167 0.203125 0.600000 0.204687 0.597917 0.204687 0.589583 0.203125 0.587500
0 0.142187 0.575000 0.137500 0.581250 0.137500 0.585417 0.135937 0.587500 0.135937 0.589583 0.137500 0.591667 0.139063 0.591667 0.140625 0.589583 0.142187 0.589583 0.143750 0.587500 0.145313 0.587500 0.146875 0.585417 0.146875 0.583333 0.148438 0.581250 0.148438 0.577083 0.146875 0.575000
0 0.753125 0.568750 0.746875 0.577083 0.746875 0.583333 0.751563 0.583333 0.757812 0.575000 0.757812 0.568750
0 0.331250 0.543750 0.328125 0.547917 0.328125 0.550000 0.329688 0.550000 0.331250 0.552083 0.334375 0.552083 0.335938 0.554167 0.339062 0.554167 0.340625 0.552083 0.345313 0.552083 0.345313 0.547917 0.343750 0.545833 0.342187 0.545833 0.340625 0.543750
0 0.223438 0.539583 0.221875 0.541667 0.221875 0.545833 0.226562 0.552083 0.235937 0.552083 0.237500 0.550000 0.237500 0.547917 0.231250 0.539583
0 0.539062 0.533333 0.537500 0.535417 0.535937 0.535417 0.535937 0.539583 0.537500 0.539583 0.539062 0.541667 0.548438 0.541667 0.550000 0.539583 0.551562 0.539583 0.553125 0.537500 0.553125 0.535417 0.551562 0.533333
0 0.614062 0.527083 0.612500 0.529167 0.612500 0.543750 0.614062 0.545833 0.614062 0.547917 0.615625 0.550000 0.615625 0.552083 0.618750 0.556250 0.620313 0.556250 0.620313 0.541667 0.618750 0.539583 0.618750 0.537500 0.617188 0.535417 0.617188 0.529167 0.615625 0.527083
0 0.390625 0.527083 0.390625 0.533333 0.395313 0.539583 0.396875 0.539583 0.398438 0.541667 0.403125 0.541667 0.403125 0.535417 0.396875 0.527083
0 0.114062 0.525000 0.112500 0.527083 0.110937 0.527083 0.107813 0.531250 0.107813 0.533333 0.109375 0.535417 0.120313 0.535417 0.123438 0.531250 0.123438 0.527083 0.121875 0.525000
0 0.700000 0.512500 0.700000 0.520833 0.701562 0.522917 0.701562 0.525000 0.704688 0.529167 0.709375 0.529167 0.709375 0.520833 0.703125 0.512500
0 0.460938 0.510417 0.459375 0.512500 0.459375 0.518750 0.460938 0.520833 0.460938 0.522917 0.465625 0.529167 0.468750 0.529167 0.468750 0.518750 0.465625 0.514583 0.464062 0.514583
0 0.284375 0.510417 0.279687 0.516667 0.279687 0.525000 0.281250 0.525000 0.284375 0.520833 0.289062 0.520833 0.290625 0.518750 0.292187 0.518750 0.295312 0.514583 0.295312 0.510417
0 0.253125 0.489583 0.251563 0.491667 0.251563 0.493750 0.254688 0.497917 0.264062 0.497917 0.265625 0.495833 0.265625 0.493750 0.262500 0.489583
0 0.360938 0.479167 0.359375 0.481250 0.357812 0.481250 0.353125 0.487500 0.353125 0.489583 0.354687 0.491667 0.360938 0.491667 0.367188 0.483333 0.367188 0.479167
0 0.187500 0.479167 0.185938 0.481250 0.185938 0.485417 0.187500 0.485417 0.189062 0.487500 0.200000 0.487500 0.201563 0.485417 0.201563 0.481250 0.200000 0.479167
0 0.731250 0.475000 0.729688 0.477083 0.728125 0.477083 0.725000 0.481250 0.725000 0.483333 0.723437 0.485417 0.723437 0.489583 0.729688 0.489583 0.737500 0.479167 0.737500 0.475000
0 0.545312 0.460417 0.543750 0.462500 0.543750 0.464583 0.540625 0.468750 0.540625 0.479167 0.542188 0.481250 0.543750 0.481250 0.546875 0.477083 0.546875 0.475000 0.548438 0.472917 0.548438 0.460417
0 0.228125 0.427083 0.226562 0.429167 0.226562 0.433333 0.229687 0.437500 0.235937 0.437500 0.237500 0.435417 0.239063 0.435417 0.239063 0.431250 0.235937 0.427083
0 0.342187 0.425000 0.340625 0.427083 0.340625 0.431250 0.342187 0.433333 0.350000 0.433333 0.353125 0.429167 0.353125 0.427083 0.351562 0.425000
0 0.490625 0.410417 0.487500 0.414583 0.484375 0.414583 0.482812 0.416667 0.481250 0.416667 0.479687 0.418750 0.479687 0.425000 0.489063 0.425000 0.493750 0.418750 0.493750 0.412500 0.495312 0.410417
0 0.348438 0.370833 0.342187 0.379167 0.342187 0.383333 0.350000 0.383333 0.353125 0.379167 0.353125 0.370833
0 0.431250 0.345833 0.431250 0.350000 0.435937 0.356250 0.445312 0.356250 0.445312 0.352083 0.440625 0.345833
0 0.510938 0.341667 0.510938 0.352083 0.515625 0.358333 0.517188 0.358333 0.518750 0.360417 0.521875 0.360417 0.521875 0.354167 0.520312 0.352083 0.520312 0.350000 0.514062 0.341667
1 0.254688 0.875000 0.253125 0.877083 0.253125 0.947917 0.251563 0.950000 0.251563 0.993750 0.253125 0.995833 0.273438 0.995833 0.273438 0.987500 0.271875 0.985417 0.271875 0.977083 0.270313 0.975000 0.270313 0.960417 0.268750 0.958333 0.268750 0.945833 0.267188 0.943750 0.267188 0.929167 0.265625 0.927083 0.265625 0.916667 0.262500 0.912500 0.262500 0.897917 0.260937 0.895833 0.260937 0.881250 0.259375 0.879167 0.259375 0.877083 0.257812 0.875000
