0 0.060937 0.591667 0.057813 0.595833 0.057813 0.600000 0.056250 0.602083 0.056250 0.608333 0.059375 0.612500 0.060937 0.612500 0.064062 0.608333 0.064062 0.604167 0.065625 0.602083 0.065625 0.597917 0.064062 0.595833 0.064062 0.591667
0 0.126562 0.587500 0.118750 0.597917 0.118750 0.604167 0.123438 0.604167 0.129688 0.595833 0.129688 0.587500
0 0.167187 0.570833 0.165625 0.572917 0.165625 0.575000 0.167187 0.577083 0.167187 0.579167 0.171875 0.585417 0.173437 0.585417 0.175000 0.587500 0.176563 0.587500 0.178125 0.585417 0.178125 0.581250 0.176563 0.579167 0.176563 0.577083 0.171875 0.570833
0 0.548438 0.562500 0.543750 0.568750 0.543750 0.577083 0.548438 0.577083 0.554688 0.568750 0.554688 0.562500
0 0.357812 0.556250 0.356250 0.558333 0.356250 0.560417 0.354687 0.562500 0.354687 0.575000 0.356250 0.577083 0.359375 0.577083 0.359375 0.575000 0.360938 0.572917 0.360938 0.568750 0.362500 0.566667 0.362500 0.562500 0.360938 0.560417 0.360938 0.556250
0 0.393750 0.547917 0.392188 0.550000 0.390625 0.550000 0.390625 0.552083 0.393750 0.556250 0.395313 0.556250 0.396875 0.558333 0.403125 0.558333 0.404687 0.556250 0.404687 0.554167 0.400000 0.547917
0 0.314063 0.547917 0.307812 0.556250 0.307812 0.562500 0.309375 0.564583 0.312500 0.564583 0.318750 0.556250 0.318750 0.554167 0.320312 0.552083 0.320312 0.547917
0 0.643750 0.543750 0.642188 0.545833 0.642188 0.560417 0.645312 0.564583 0.646875 0.564583 0.648438 0.562500 0.648438 0.550000
0 0.223438 0.533333 0.223438 0.541667 0.225000 0.543750 0.225000 0.545833 0.229687 0.552083 0.231250 0.552083 0.232813 0.550000 0.232813 0.543750 0.231250 0.541667 0.231250 0.539583 0.226562 0.533333
0 0.679688 0.516667 0.678125 0.518750 0.678125 0.520833 0.679688 0.522917 0.681250 0.522917 0.682813 0.525000 0.685937 0.525000 0.687500 0.527083 0.692187 0.527083 0.695312 0.522917 0.695312 0.520833 0.692187 0.516667
0 0.059375 0.512500 0.059375 0.529167 0.062500 0.533333 0.064062 0.533333 0.065625 0.531250 0.065625 0.516667 0.062500 0.512500
0 0.473438 0.510417 0.467187 0.518750 0.468750 0.520833 0.468750 0.522917 0.473438 0.522917 0.475000 0.520833 0.476562 0.520833 0.481250 0.514583 0.481250 0.510417
0 0.257812 0.504167 0.253125 0.510417 0.253125 0.518750 0.254688 0.520833 0.256250 0.520833 0.260937 0.514583 0.260937 0.504167
0 0.607812 0.495833 0.606250 0.497917 0.606250 0.508333 0.610938 0.514583 0.614062 0.514583 0.614062 0.502083 0.609375 0.495833
0 0.643750 0.495833 0.643750 0.497917 0.642188 0.500000 0.642188 0.518750 0.643750 0.518750 0.646875 0.514583 0.646875 0.497917 0.645312 0.495833
0 0.514062 0.493750 0.514062 0.504167 0.520312 0.512500 0.523438 0.512500 0.523438 0.504167 0.520312 0.500000 0.520312 0.497917 0.518750 0.495833 0.517188 0.495833 0.515625 0.493750
0 0.398438 0.485417 0.398438 0.487500 0.401562 0.491667 0.403125 0.491667 0.406250 0.495833 0.414062 0.495833 0.414062 0.491667 0.409375 0.485417
0 0.028125 0.475000 0.028125 0.487500 0.032813 0.493750 0.034375 0.493750 0.034375 0.491667 0.035937 0.489583 0.035937 0.481250 0.031250 0.475000
0 0.328125 0.475000 0.326562 0.477083 0.326562 0.479167 0.329688 0.483333 0.331250 0.483333 0.332813 0.485417 0.334375 0.485417 0.335938 0.487500 0.343750 0.487500 0.343750 0.481250 0.342187 0.481250 0.339062 0.477083 0.337500 0.477083 0.335938 0.475000
0 0.373437 0.468750 0.370312 0.472917 0.370312 0.477083 0.368750 0.479167 0.368750 0.489583 0.370312 0.491667 0.371875 0.491667 0.375000 0.487500 0.375000 0.470833
0 0.559375 0.466667 0.559375 0.472917 0.565625 0.481250 0.568750 0.481250 0.568750 0.472917 0.564063 0.466667
0 0.298438 0.454167 0.295312 0.458333 0.295312 0.470833 0.298438 0.475000 0.300000 0.475000 0.303125 0.470833 0.303125 0.458333 0.300000 0.454167
0 0.720313 0.452083 0.720313 0.464583 0.721875 0.466667 0.721875 0.468750 0.725000 0.472917 0.726562 0.472917 0.728125 0.470833 0.728125 0.460417 0.726562 0.458333 0.726562 0.456250 0.723437 0.452083
0 0.235937 0.450000 0.232813 0.454167 0.232813 0.464583 0.234375 0.466667 0.237500 0.466667 0.239063 0.464583 0.239063 0.462500 0.240625 0.460417 0.240625 0.452083 0.239063 0.450000
0 0.653125 0.450000 0.651563 0.452083 0.651563 0.454167 0.654687 0.458333 0.664062 0.458333 0.667188 0.454167 0.667188 0.452083 0.665625 0.450000
0 0.507812 0.445833 0.506250 0.447917 0.506250 0.462500 0.509375 0.466667 0.510938 0.466667 0.512500 0.464583 0.512500 0.452083 0.510938 0.450000 0.510938 0.447917 0.509375 0.445833
0 0.450000 0.445833 0.450000 0.452083 0.451562 0.454167 0.451562 0.456250 0.456250 0.462500 0.459375 0.462500 0.460938 0.460417 0.460938 0.458333 0.459375 0.456250 0.459375 0.454167 0.453125 0.445833
0 0.100000 0.445833 0.098437 0.447917 0.096875 0.447917 0.095312 0.450000 0.093750 0.450000 0.092188 0.452083 0.092188 0.456250 0.103125 0.456250 0.107813 0.450000 0.107813 0.447917 0.106250 0.445833
0 0.412500 0.435417 0.407813 0.441667 0.407813 0.443750 0.406250 0.445833 0.406250 0.454167 0.407813 0.456250 0.409375 0.456250 0.414062 0.450000 0.414062 0.437500
0 0.576562 0.435417 0.573438 0.439583 0.573438 0.452083 0.575000 0.454167 0.576562 0.454167 0.578125 0.452083 0.578125 0.447917 0.579688 0.445833 0.579688 0.437500 0.578125 0.435417
1 0.526563 0.837500 0.523438 0.841667 0.523438 0.854167 0.521875 0.856250 0.521875 0.895833 0.520312 0.897917 0.520312 0.916667 0.518750 0.918750 0.518750 0.962500 0.517188 0.964583 0.517188 0.995833 0.543750 0.995833 0.543750 0.966667 0.542188 0.964583 0.542188 0.947917 0.540625 0.945833 0.540625 0.937500 0.539062 0.935417 0.539062 0.916667 0.537500 0.914583 0.537500 0.893750 0.535937 0.891667 0.535937 0.883333 0.534375 0.881250 0.534375 0.868750 0.532813 0.866667 0.532813 0.847917 0.529687 0.843750 0.529687 0.839583 0.528125 0.837500
