0 0.328125 0.535417 0.326562 0.537500 0.326562 0.539583 0.328125 0.541667 0.329688 0.541667 0.331250 0.543750 0.340625 0.543750 0.342187 0.541667 0.342187 0.537500 0.340625 0.535417
0 0.431250 0.531250 0.426563 0.537500 0.426563 0.541667 0.434375 0.541667 0.439063 0.535417 0.439063 0.531250
0 0.714063 0.522917 0.714063 0.531250 0.715625 0.533333 0.715625 0.535417 0.718750 0.539583 0.723437 0.539583 0.723437 0.531250 0.717187 0.522917
0 0.751563 0.504167 0.751563 0.512500 0.757812 0.520833 0.764062 0.520833 0.764062 0.516667 0.760938 0.512500 0.760938 0.510417 0.759375 0.508333 0.757812 0.508333 0.754687 0.504167
0 0.532813 0.497917 0.526563 0.506250 0.526563 0.514583 0.529687 0.514583 0.535937 0.506250 0.535937 0.497917
0 0.582812 0.493750 0.581250 0.495833 0.581250 0.508333 0.582812 0.510417 0.582812 0.512500 0.584375 0.514583 0.585938 0.514583 0.587500 0.512500 0.587500 0.497917 0.584375 0.493750
0 0.442188 0.493750 0.442188 0.495833 0.448437 0.504167 0.456250 0.504167 0.456250 0.500000 0.453125 0.495833 0.451562 0.495833 0.450000 0.493750
0 0.342187 0.477083 0.342187 0.481250 0.348438 0.489583 0.350000 0.489583 0.351562 0.491667 0.357812 0.491667 0.357812 0.487500 0.350000 0.477083
0 0.629687 0.477083 0.625000 0.483333 0.625000 0.493750 0.628125 0.493750 0.632812 0.487500 0.632812 0.477083
0 0.507812 0.479167 0.506250 0.481250 0.509375 0.485417 0.520312 0.485417 0.521875 0.483333 0.521875 0.481250 0.520312 0.479167
0 0.542188 0.468750 0.537500 0.477083 0.537500 0.483333 0.539062 0.487500 0.542188 0.487500 0.543750 0.483333 0.546875 0.483333 0.551562 0.479167 0.551562 0.468750 0.550000 0.468750
0 0.739062 0.466667 0.737500 0.468750 0.737500 0.481250 0.740625 0.485417 0.742188 0.485417 0.743750 0.483333 0.743750 0.472917
0 0.695312 0.464583 0.695312 0.468750 0.698438 0.468750 0.700000 0.470833 0.714063 0.470833 0.715625 0.468750 0.715625 0.464583
0 0.290625 0.462500 0.289062 0.464583 0.289062 0.475000 0.290625 0.477083 0.290625 0.479167 0.292187 0.481250 0.293750 0.481250 0.295312 0.479167 0.295312 0.466667 0.292187 0.462500
0 0.306250 0.462500 0.306250 0.468750 0.312500 0.477083 0.315625 0.477083 0.315625 0.470833 0.314063 0.468750 0.314063 0.466667 0.310937 0.462500
0 0.779687 0.450000 0.775000 0.456250 0.775000 0.458333 0.773438 0.460417 0.773438 0.468750 0.775000 0.470833 0.776563 0.470833 0.779687 0.466667 0.779687 0.464583 0.781250 0.462500 0.781250 0.452083
0 0.401562 0.441667 0.400000 0.443750 0.400000 0.445833 0.404687 0.452083 0.415625 0.452083 0.415625 0.447917 0.412500 0.443750 0.409375 0.443750 0.407813 0.441667
0 0.362500 0.439583 0.359375 0.443750 0.359375 0.445833 0.360938 0.447917 0.373437 0.447917 0.375000 0.445833 0.375000 0.443750 0.371875 0.439583
0 0.262500 0.427083 0.260937 0.429167 0.260937 0.439583 0.264062 0.443750 0.267188 0.443750 0.267188 0.431250 0.264062 0.427083
0 0.573438 0.425000 0.571875 0.427083 0.571875 0.439583 0.575000 0.443750 0.576562 0.443750 0.578125 0.441667 0.578125 0.429167 0.575000 0.425000
0 0.462500 0.416667 0.460938 0.418750 0.460938 0.420833 0.459375 0.422917 0.459375 0.431250 0.460938 0.433333 0.460938 0.435417 0.462500 0.437500 0.465625 0.437500 0.465625 0.435417 0.467187 0.433333 0.467187 0.422917 0.465625 0.420833 0.465625 0.418750 0.464062 0.416667
0 0.671875 0.416667 0.670312 0.418750 0.668750 0.418750 0.664062 0.425000 0.664062 0.433333 0.665625 0.435417 0.667188 0.435417 0.671875 0.429167 0.671875 0.427083 0.673438 0.425000 0.673438 0.416667
0 0.554688 0.408333 0.554688 0.416667 0.559375 0.422917 0.562500 0.422917 0.562500 0.414583 0.557813 0.408333
0 0.518750 0.406250 0.517188 0.408333 0.517188 0.410417 0.518750 0.412500 0.518750 0.416667 0.525000 0.425000 0.526563 0.425000 0.526563 0.412500 0.521875 0.406250
0 0.615625 0.404167 0.614062 0.406250 0.614062 0.414583 0.618750 0.420833 0.621875 0.420833 0.621875 0.412500 0.620313 0.410417 0.620313 0.408333 0.617188 0.404167
0 0.718750 0.389583 0.717187 0.391667 0.717187 0.400000 0.718750 0.402083 0.718750 0.404167 0.721875 0.408333 0.723437 0.408333 0.725000 0.406250 0.725000 0.395833 0.720313 0.389583
0 0.331250 0.385417 0.329688 0.387500 0.329688 0.389583 0.334375 0.395833 0.335938 0.395833 0.337500 0.397917 0.340625 0.397917 0.342187 0.395833 0.342187 0.391667 0.339062 0.387500 0.337500 0.387500 0.335938 0.385417
0 0.601562 0.377083 0.601562 0.381250 0.604688 0.385417 0.614062 0.385417 0.614062 0.381250 0.610938 0.377083
0 0.420312 0.375000 0.420312 0.377083 0.418750 0.379167 0.418750 0.391667 0.423438 0.391667 0.425000 0.389583 0.425000 0.377083 0.423438 0.375000
0 0.487500 0.364583 0.485938 0.366667 0.484375 0.366667 0.482812 0.368750 0.482812 0.370833 0.481250 0.372917 0.481250 0.375000 0.482812 0.377083 0.485938 0.377083 0.487500 0.375000 0.489063 0.375000 0.493750 0.368750 0.493750 0.364583
0 0.664062 0.345833 0.660937 0.350000 0.660937 0.358333 0.662500 0.360417 0.662500 0.364583 0.664062 0.366667 0.665625 0.366667 0.667188 0.364583 0.667188 0.347917 0.665625 0.345833
0 0.540625 0.335417 0.532813 0.345833 0.532813 0.347917 0.534375 0.350000 0.539062 0.350000 0.540625 0.347917 0.542188 0.347917 0.546875 0.341667 0.546875 0.335417
0 0.465625 0.322917 0.460938 0.329167 0.460938 0.341667 0.462500 0.341667 0.467187 0.335417 0.467187 0.322917
1 0.375000 0.843750 0.371875 0.847917 0.371875 0.864583 0.370312 0.866667 0.370312 0.925000 0.368750 0.927083 0.368750 0.995833 0.390625 0.995833 0.393750 0.991667 0.393750 0.950000 0.392188 0.947917 0.392188 0.933333 0.390625 0.931250 0.390625 0.922917 0.387500 0.918750 0.387500 0.916667 0.385937 0.914583 0.385937 0.887500 0.384375 0.885417 0.384375 0.875000 0.382812 0.872917 0.382812 0.866667 0.381250 0.864583 0.381250 0.854167 0.378125 0.850000 0.378125 0.845833 0.376563 0.843750
