0 0.168750 0.689583 0.165625 0.693750 0.165625 0.695833 0.170313 0.702083 0.178125 0.702083 0.181250 0.697917 0.181250 0.693750 0.179688 0.691667 0.175000 0.691667 0.173437 0.689583
0 0.681250 0.635417 0.678125 0.639583 0.678125 0.645833 0.684375 0.645833 0.689063 0.639583 0.689063 0.635417
0 0.123438 0.629167 0.120313 0.633333 0.120313 0.647917 0.121875 0.650000 0.123438 0.650000 0.126562 0.645833 0.126562 0.633333 0.125000 0.631250 0.125000 0.629167
0 0.120313 0.608333 0.118750 0.610417 0.118750 0.612500 0.121875 0.616667 0.134375 0.616667 0.134375 0.614583 0.129688 0.608333
0 0.626563 0.597917 0.620313 0.606250 0.620313 0.616667 0.623437 0.616667 0.629687 0.608333 0.629687 0.597917
0 0.731250 0.589583 0.728125 0.593750 0.728125 0.595833 0.726562 0.597917 0.726562 0.608333 0.729688 0.608333 0.734375 0.602083 0.734375 0.589583
0 0.196875 0.585417 0.190625 0.593750 0.190625 0.597917 0.198437 0.597917 0.203125 0.591667 0.203125 0.585417
0 0.303125 0.552083 0.300000 0.556250 0.300000 0.558333 0.303125 0.562500 0.314063 0.562500 0.315625 0.560417 0.315625 0.558333 0.312500 0.554167 0.310937 0.554167 0.309375 0.552083
0 0.554688 0.550000 0.554688 0.558333 0.560937 0.566667 0.565625 0.566667 0.565625 0.560417 0.564063 0.558333 0.564063 0.556250 0.560937 0.552083 0.559375 0.552083 0.557813 0.550000
0 0.109375 0.545833 0.106250 0.550000 0.104688 0.550000 0.103125 0.552083 0.103125 0.556250 0.104688 0.558333 0.109375 0.558333 0.110937 0.556250 0.114062 0.556250 0.117188 0.552083 0.117188 0.547917 0.115625 0.545833
0 0.626563 0.541667 0.625000 0.543750 0.625000 0.545833 0.628125 0.550000 0.639062 0.550000 0.640625 0.547917 0.640625 0.545833 0.637500 0.541667
0 0.175000 0.537500 0.170313 0.543750 0.170313 0.552083 0.167187 0.556250 0.167187 0.558333 0.168750 0.560417 0.171875 0.560417 0.176563 0.554167 0.176563 0.547917 0.178125 0.545833 0.178125 0.537500
0 0.664062 0.522917 0.662500 0.525000 0.662500 0.531250 0.667188 0.537500 0.671875 0.537500 0.671875 0.531250 0.665625 0.522917
0 0.239063 0.512500 0.237500 0.514583 0.237500 0.529167 0.240625 0.533333 0.242188 0.533333 0.242188 0.531250 0.243750 0.529167 0.243750 0.518750 0.242188 0.516667 0.242188 0.514583 0.240625 0.512500
0 0.506250 0.504167 0.504687 0.506250 0.503125 0.506250 0.500000 0.510417 0.500000 0.514583 0.509375 0.514583 0.514062 0.508333 0.514062 0.504167
0 0.365625 0.485417 0.364063 0.487500 0.364063 0.489583 0.365625 0.491667 0.365625 0.493750 0.371875 0.502083 0.376563 0.502083 0.378125 0.500000 0.378125 0.495833 0.371875 0.487500 0.370312 0.487500 0.368750 0.485417
0 0.162500 0.470833 0.159375 0.475000 0.159375 0.489583 0.160938 0.491667 0.162500 0.491667 0.165625 0.487500 0.165625 0.483333 0.167187 0.481250 0.167187 0.475000 0.164062 0.470833
0 0.440625 0.466667 0.435937 0.472917 0.435937 0.477083 0.442188 0.477083 0.446875 0.470833 0.446875 0.466667
0 0.275000 0.466667 0.275000 0.470833 0.279687 0.477083 0.289062 0.477083 0.289062 0.472917 0.284375 0.466667
0 0.553125 0.443750 0.553125 0.452083 0.554688 0.454167 0.554688 0.456250 0.560937 0.464583 0.562500 0.464583 0.562500 0.454167 0.560937 0.452083 0.560937 0.450000 0.556250 0.443750
0 0.457813 0.429167 0.454688 0.433333 0.448437 0.433333 0.446875 0.435417 0.445312 0.435417 0.443750 0.437500 0.443750 0.441667 0.453125 0.441667 0.454688 0.439583 0.456250 0.439583 0.460938 0.433333 0.460938 0.431250 0.459375 0.429167
0 0.631250 0.422917 0.629687 0.425000 0.629687 0.441667 0.631250 0.443750 0.631250 0.445833 0.634375 0.450000 0.635938 0.450000 0.635938 0.435417 0.634375 0.433333 0.634375 0.431250 0.632812 0.429167 0.632812 0.422917
0 0.496875 0.395833 0.495312 0.397917 0.495312 0.402083 0.496875 0.404167 0.496875 0.406250 0.501563 0.412500 0.506250 0.412500 0.506250 0.406250 0.503125 0.402083 0.503125 0.400000 0.501563 0.400000 0.498437 0.395833
0 0.343750 0.395833 0.340625 0.400000 0.340625 0.404167 0.353125 0.404167 0.354687 0.402083 0.354687 0.397917 0.353125 0.395833
1 0.664062 0.854167 0.662500 0.856250 0.662500 0.864583 0.660937 0.866667 0.660937 0.885417 0.659375 0.887500 0.659375 0.912500 0.657813 0.914583 0.657813 0.929167 0.656250 0.931250 0.656250 0.947917 0.654687 0.950000 0.654687 0.964583 0.653125 0.966667 0.653125 0.995833 0.667188 0.995833 0.668750 0.993750 0.678125 0.993750 0.678125 0.956250 0.676562 0.954167 0.676562 0.933333 0.675000 0.931250 0.675000 0.904167 0.673438 0.902083 0.673438 0.885417 0.671875 0.883333 0.671875 0.872917 0.670312 0.870833 0.670312 0.858333 0.667188 0.854167
