0 0.329688 0.500000 0.328125 0.502083 0.326562 0.502083 0.326562 0.504167 0.329688 0.508333 0.342187 0.508333 0.343750 0.506250 0.343750 0.504167 0.342187 0.502083 0.339062 0.502083 0.337500 0.500000
0 0.432812 0.495833 0.431250 0.497917 0.429688 0.497917 0.426563 0.502083 0.426563 0.506250 0.434375 0.506250 0.439063 0.500000 0.439063 0.495833
0 0.712500 0.489583 0.712500 0.495833 0.714063 0.497917 0.714063 0.500000 0.718750 0.506250 0.723437 0.506250 0.723437 0.500000 0.721875 0.497917 0.721875 0.495833 0.717187 0.489583
0 0.751563 0.470833 0.751563 0.479167 0.756250 0.485417 0.757812 0.485417 0.759375 0.487500 0.762500 0.487500 0.762500 0.481250 0.754687 0.470833
0 0.532813 0.462500 0.526563 0.470833 0.526563 0.479167 0.529687 0.479167 0.534375 0.472917 0.534375 0.470833 0.535937 0.468750 0.535937 0.462500
0 0.581250 0.460417 0.581250 0.462500 0.579688 0.464583 0.579688 0.466667 0.581250 0.468750 0.581250 0.475000 0.584375 0.479167 0.585938 0.479167 0.587500 0.477083 0.587500 0.466667 0.585938 0.464583 0.585938 0.462500 0.584375 0.460417
0 0.442188 0.456250 0.442188 0.460417 0.448437 0.468750 0.456250 0.468750 0.456250 0.466667 0.450000 0.458333 0.448437 0.458333 0.446875 0.456250
0 0.629687 0.441667 0.625000 0.447917 0.625000 0.458333 0.628125 0.458333 0.632812 0.452083 0.632812 0.441667
0 0.507812 0.443750 0.506250 0.445833 0.509375 0.450000 0.520312 0.450000 0.521875 0.447917 0.521875 0.445833 0.520312 0.443750
0 0.342187 0.441667 0.342187 0.447917 0.343750 0.447917 0.348438 0.454167 0.350000 0.454167 0.351562 0.456250 0.357812 0.456250 0.357812 0.452083 0.351562 0.443750 0.348438 0.443750 0.346875 0.441667
0 0.542188 0.433333 0.537500 0.441667 0.537500 0.452083 0.543750 0.452083 0.551562 0.441667 0.551562 0.437500 0.550000 0.433333
0 0.737500 0.433333 0.735938 0.435417 0.735938 0.443750 0.737500 0.445833 0.737500 0.447917 0.740625 0.452083 0.742188 0.452083 0.742188 0.437500 0.739062 0.433333
0 0.290625 0.427083 0.289062 0.429167 0.289062 0.441667 0.292187 0.445833 0.293750 0.445833 0.295312 0.443750 0.295312 0.431250 0.292187 0.427083
0 0.701562 0.429167 0.698438 0.433333 0.693750 0.433333 0.693750 0.435417 0.695312 0.437500 0.709375 0.437500 0.714063 0.431250 0.714063 0.429167
0 0.307812 0.427083 0.306250 0.429167 0.306250 0.435417 0.310937 0.441667 0.314063 0.441667 0.314063 0.433333 0.309375 0.427083
0 0.778125 0.416667 0.773438 0.422917 0.773438 0.437500 0.775000 0.437500 0.779687 0.431250 0.779687 0.429167 0.781250 0.427083 0.781250 0.425000 0.779687 0.422917 0.779687 0.416667
0 0.400000 0.408333 0.400000 0.412500 0.403125 0.416667 0.404687 0.416667 0.406250 0.418750 0.414062 0.418750 0.415625 0.416667 0.415625 0.414583 0.410938 0.408333
0 0.360938 0.406250 0.359375 0.408333 0.359375 0.410417 0.362500 0.414583 0.371875 0.414583 0.375000 0.410417 0.375000 0.408333 0.373437 0.406250
0 0.262500 0.393750 0.260937 0.395833 0.260937 0.406250 0.264062 0.410417 0.267188 0.410417 0.267188 0.397917 0.264062 0.393750
0 0.573438 0.389583 0.571875 0.391667 0.571875 0.406250 0.573438 0.408333 0.576562 0.408333 0.576562 0.393750
0 0.670312 0.383333 0.664062 0.391667 0.664062 0.402083 0.667188 0.402083 0.671875 0.395833 0.671875 0.391667 0.673438 0.389583 0.673438 0.383333
0 0.462500 0.383333 0.460938 0.385417 0.460938 0.387500 0.459375 0.389583 0.459375 0.397917 0.462500 0.402083 0.464062 0.402083 0.465625 0.400000 0.465625 0.385417 0.464062 0.383333
0 0.553125 0.375000 0.553125 0.381250 0.559375 0.389583 0.562500 0.389583 0.562500 0.381250 0.557813 0.375000
0 0.518750 0.370833 0.517188 0.372917 0.517188 0.381250 0.525000 0.391667 0.526563 0.391667 0.526563 0.381250 0.525000 0.379167 0.525000 0.377083 0.520312 0.370833
0 0.623437 0.391667 0.623437 0.400000 0.625000 0.402083 0.625000 0.404167 0.628125 0.408333 0.629687 0.408333 0.631250 0.406250 0.631250 0.400000 0.625000 0.391667
0 0.718750 0.356250 0.717187 0.358333 0.717187 0.366667 0.721875 0.372917 0.723437 0.372917 0.725000 0.370833 0.725000 0.362500 0.720313 0.356250
0 0.329688 0.352083 0.329688 0.356250 0.334375 0.362500 0.340625 0.362500 0.342187 0.360417 0.342187 0.358333 0.337500 0.352083
0 0.420312 0.341667 0.420312 0.345833 0.418750 0.347917 0.418750 0.354167 0.420312 0.356250 0.423438 0.356250 0.425000 0.354167 0.425000 0.343750 0.423438 0.341667
0 0.601562 0.341667 0.600000 0.343750 0.600000 0.345833 0.604688 0.352083 0.614062 0.352083 0.614062 0.347917 0.610938 0.343750 0.609375 0.343750 0.607812 0.341667
0 0.485938 0.331250 0.481250 0.337500 0.481250 0.341667 0.487500 0.341667 0.492188 0.335417 0.492188 0.331250
0 0.664062 0.312500 0.660937 0.316667 0.660937 0.327083 0.662500 0.329167 0.665625 0.329167 0.667188 0.327083 0.667188 0.314583 0.665625 0.312500
0 0.542188 0.297917 0.534375 0.308333 0.534375 0.316667 0.539062 0.316667 0.545312 0.308333 0.545312 0.297917
0 0.465625 0.287500 0.460938 0.293750 0.460938 0.306250 0.462500 0.306250 0.465625 0.302083 0.465625 0.300000 0.467187 0.297917 0.467187 0.287500
1 0.514062 0.837500 0.514062 0.852083 0.512500 0.854167 0.512500 0.883333 0.510938 0.885417 0.510938 0.916667 0.509375 0.918750 0.509375 0.952083 0.507812 0.954167 0.507812 0.995833 0.535937 0.995833 0.535937 0.966667 0.534375 0.964583 0.534375 0.954167 0.532813 0.952083 0.532813 0.943750 0.531250 0.941667 0.531250 0.931250 0.529687 0.929167 0.529687 0.914583 0.528125 0.912500 0.528125 0.900000 0.526563 0.897917 0.526563 0.881250 0.525000 0.879167 0.525000 0.862500 0.523438 0.860417 0.523438 0.854167 0.521875 0.852083 0.521875 0.843750 0.520312 0.841667 0.520312 0.837500
