0 0.060937 0.568750 0.057813 0.572917 0.057813 0.577083 0.056250 0.579167 0.056250 0.587500 0.057813 0.589583 0.060937 0.589583 0.064062 0.585417 0.064062 0.570833 0.062500 0.568750
0 0.125000 0.564583 0.121875 0.568750 0.121875 0.570833 0.120313 0.572917 0.120313 0.575000 0.118750 0.577083 0.118750 0.583333 0.123438 0.583333 0.126562 0.579167 0.126562 0.577083 0.128125 0.575000 0.128125 0.566667 0.126562 0.564583
0 0.165625 0.547917 0.165625 0.554167 0.167187 0.556250 0.167187 0.558333 0.171875 0.564583 0.178125 0.564583 0.178125 0.556250 0.171875 0.547917
0 0.550000 0.539583 0.543750 0.547917 0.543750 0.554167 0.548438 0.554167 0.554688 0.545833 0.554688 0.539583
0 0.357812 0.535417 0.354687 0.539583 0.354687 0.554167 0.356250 0.556250 0.357812 0.556250 0.360938 0.552083 0.360938 0.535417
0 0.390625 0.527083 0.390625 0.531250 0.393750 0.535417 0.395313 0.535417 0.396875 0.537500 0.403125 0.537500 0.403125 0.535417 0.404687 0.533333 0.404687 0.531250 0.403125 0.529167 0.401562 0.529167 0.400000 0.527083
0 0.315625 0.525000 0.307812 0.535417 0.307812 0.539583 0.309375 0.541667 0.314063 0.541667 0.317188 0.537500 0.317188 0.535417 0.318750 0.533333 0.318750 0.531250 0.320312 0.529167 0.320312 0.525000
0 0.643750 0.522917 0.642188 0.525000 0.642188 0.537500 0.645312 0.541667 0.646875 0.541667 0.648438 0.539583 0.648438 0.531250 0.646875 0.529167 0.646875 0.525000 0.645312 0.522917
0 0.225000 0.510417 0.223438 0.512500 0.223438 0.518750 0.225000 0.520833 0.225000 0.522917 0.229687 0.529167 0.231250 0.529167 0.232813 0.527083 0.232813 0.522917 0.231250 0.520833 0.231250 0.516667 0.226562 0.510417
0 0.679688 0.493750 0.678125 0.495833 0.678125 0.497917 0.682813 0.504167 0.693750 0.504167 0.695312 0.502083 0.695312 0.497917 0.693750 0.495833 0.690625 0.495833 0.689063 0.493750
0 0.473438 0.489583 0.467187 0.497917 0.467187 0.500000 0.468750 0.502083 0.473438 0.502083 0.476562 0.497917 0.478125 0.497917 0.481250 0.493750 0.481250 0.489583
0 0.059375 0.491667 0.059375 0.506250 0.062500 0.510417 0.064062 0.510417 0.067187 0.506250 0.067187 0.497917 0.062500 0.491667
0 0.259375 0.481250 0.253125 0.489583 0.253125 0.500000 0.256250 0.500000 0.259375 0.495833 0.259375 0.493750 0.260937 0.491667 0.260937 0.481250
0 0.607812 0.475000 0.606250 0.477083 0.606250 0.485417 0.607812 0.487500 0.607812 0.489583 0.610938 0.493750 0.612500 0.493750 0.614062 0.491667 0.614062 0.481250 0.609375 0.475000
0 0.643750 0.475000 0.642188 0.477083 0.642188 0.500000 0.646875 0.493750 0.646875 0.477083 0.645312 0.475000
0 0.514062 0.472917 0.514062 0.483333 0.520312 0.491667 0.523438 0.491667 0.523438 0.483333 0.521875 0.481250 0.521875 0.479167 0.517188 0.472917
0 0.398438 0.462500 0.398438 0.466667 0.400000 0.468750 0.401562 0.468750 0.404687 0.472917 0.414062 0.472917 0.414062 0.468750 0.410938 0.464583 0.409375 0.464583 0.407813 0.462500
0 0.328125 0.456250 0.326562 0.458333 0.326562 0.460417 0.328125 0.462500 0.343750 0.462500 0.345313 0.460417 0.345313 0.458333 0.343750 0.456250
0 0.028125 0.454167 0.028125 0.464583 0.029687 0.466667 0.029687 0.468750 0.031250 0.470833 0.034375 0.470833 0.035937 0.468750 0.035937 0.458333 0.032813 0.454167
0 0.373437 0.450000 0.370312 0.454167 0.370312 0.456250 0.367188 0.460417 0.367188 0.466667 0.371875 0.466667 0.376563 0.460417 0.376563 0.450000
0 0.560937 0.443750 0.559375 0.445833 0.559375 0.452083 0.565625 0.460417 0.568750 0.460417 0.568750 0.452083 0.562500 0.443750
0 0.289062 0.433333 0.285938 0.437500 0.285938 0.450000 0.289062 0.454167 0.290625 0.454167 0.292187 0.452083 0.292187 0.435417 0.290625 0.433333
0 0.720313 0.431250 0.720313 0.443750 0.721875 0.445833 0.721875 0.447917 0.725000 0.452083 0.726562 0.452083 0.728125 0.450000 0.728125 0.439583 0.726562 0.437500 0.726562 0.435417 0.723437 0.431250
0 0.653125 0.429167 0.651563 0.431250 0.651563 0.433333 0.654687 0.437500 0.662500 0.437500 0.665625 0.433333 0.665625 0.431250 0.664062 0.429167
0 0.237500 0.427083 0.235937 0.429167 0.234375 0.429167 0.232813 0.431250 0.232813 0.443750 0.237500 0.443750 0.239063 0.441667 0.239063 0.439583 0.240625 0.437500 0.240625 0.429167 0.239063 0.427083
0 0.507812 0.422917 0.506250 0.425000 0.506250 0.439583 0.509375 0.443750 0.510938 0.443750 0.512500 0.441667 0.512500 0.431250 0.510938 0.429167 0.510938 0.425000 0.509375 0.422917
0 0.450000 0.422917 0.450000 0.433333 0.454688 0.439583 0.459375 0.439583 0.459375 0.433333 0.451562 0.422917
0 0.100000 0.422917 0.098437 0.425000 0.096875 0.425000 0.092188 0.431250 0.092188 0.435417 0.100000 0.435417 0.101562 0.433333 0.104688 0.433333 0.107813 0.429167 0.107813 0.425000 0.106250 0.422917
0 0.412500 0.414583 0.406250 0.422917 0.406250 0.435417 0.407813 0.437500 0.409375 0.437500 0.410938 0.435417 0.410938 0.433333 0.412500 0.431250 0.412500 0.427083 0.414062 0.425000 0.414062 0.416667
0 0.576562 0.412500 0.573438 0.416667 0.573438 0.431250 0.576562 0.431250 0.578125 0.429167 0.578125 0.414583
1 0.151562 0.870833 0.150000 0.875000 0.146875 0.875000 0.146875 0.964583 0.150000 0.966667 0.146875 0.968750 0.146875 0.995833 0.179688 0.995833 0.179688 0.993750 0.179688 0.993750 0.179688 0.981250 0.176563 0.979167 0.176563 0.979167 0.176563 0.977083 0.176563 0.970833 0.175000 0.968750 0.175000 0.964583 0.171875 0.962500 0.171875 0.956250 0.171875 0.956250 0.171875 0.943750 0.168750 0.941667 0.168750 0.939583 0.168750 0.937500 0.168750 0.931250 0.167187 0.929167 0.167187 0.925000 0.164062 0.920833 0.164062 0.914583 0.164062 0.912500 0.164062 0.904167 0.162500 0.904167 0.162500 0.895833 0.159375 0.893750 0.159375 0.889583 0.159375 0.887500 0.159375 0.883333 0.156250 0.881250 0.156250 0.879167 0.151562 0.870833
