0 0.242188 0.625000 0.240625 0.627083 0.240625 0.629167 0.245312 0.635417 0.253125 0.635417 0.253125 0.629167 0.250000 0.625000
0 0.139063 0.600000 0.132812 0.608333 0.132812 0.610417 0.131250 0.612500 0.131250 0.618750 0.135937 0.618750 0.140625 0.612500 0.140625 0.610417 0.142187 0.608333 0.142187 0.602083 0.140625 0.600000
0 0.789062 0.593750 0.787500 0.595833 0.785937 0.595833 0.782813 0.600000 0.782813 0.606250 0.789062 0.606250 0.796875 0.595833 0.796875 0.593750
0 0.651563 0.564583 0.651563 0.575000 0.656250 0.581250 0.659375 0.581250 0.659375 0.572917 0.657813 0.570833 0.657813 0.568750 0.654687 0.564583
0 0.201563 0.545833 0.196875 0.552083 0.196875 0.562500 0.198437 0.564583 0.201563 0.564583 0.203125 0.562500 0.203125 0.560417 0.204687 0.558333 0.204687 0.547917 0.203125 0.545833
0 0.143750 0.531250 0.137500 0.539583 0.137500 0.541667 0.135937 0.543750 0.135937 0.547917 0.142187 0.547917 0.143750 0.545833 0.145313 0.545833 0.146875 0.543750 0.146875 0.541667 0.148438 0.539583 0.148438 0.531250
0 0.753125 0.527083 0.746875 0.535417 0.746875 0.537500 0.745313 0.539583 0.745313 0.541667 0.746875 0.543750 0.750000 0.543750 0.756250 0.535417 0.756250 0.527083
0 0.331250 0.502083 0.328125 0.506250 0.328125 0.508333 0.329688 0.510417 0.331250 0.510417 0.332813 0.512500 0.343750 0.512500 0.345313 0.510417 0.345313 0.506250 0.343750 0.504167 0.342187 0.504167 0.340625 0.502083
0 0.221875 0.500000 0.221875 0.504167 0.226562 0.510417 0.232813 0.510417 0.234375 0.508333 0.235937 0.508333 0.235937 0.506250 0.231250 0.500000
0 0.540625 0.491667 0.539062 0.493750 0.537500 0.493750 0.535937 0.495833 0.535937 0.497917 0.537500 0.500000 0.539062 0.500000 0.540625 0.502083 0.548438 0.502083 0.551562 0.497917 0.553125 0.497917 0.553125 0.493750 0.551562 0.493750 0.550000 0.491667
0 0.614062 0.487500 0.612500 0.489583 0.612500 0.506250 0.615625 0.510417 0.615625 0.512500 0.617188 0.514583 0.618750 0.514583 0.620313 0.512500 0.620313 0.502083 0.618750 0.500000 0.618750 0.497917 0.617188 0.495833 0.617188 0.493750 0.615625 0.491667 0.615625 0.487500
0 0.390625 0.485417 0.390625 0.491667 0.396875 0.500000 0.403125 0.500000 0.403125 0.493750 0.396875 0.485417
0 0.112500 0.485417 0.107813 0.491667 0.107813 0.493750 0.120313 0.493750 0.123438 0.489583 0.123438 0.487500 0.121875 0.485417
0 0.700000 0.470833 0.698438 0.472917 0.698438 0.479167 0.706250 0.489583 0.709375 0.489583 0.709375 0.483333 0.707812 0.481250 0.707812 0.477083 0.704688 0.472917 0.703125 0.472917 0.701562 0.470833
0 0.459375 0.470833 0.459375 0.479167 0.460938 0.481250 0.460938 0.483333 0.464062 0.487500 0.468750 0.487500 0.468750 0.481250 0.467187 0.479167 0.467187 0.477083 0.462500 0.470833
0 0.289062 0.468750 0.287500 0.470833 0.284375 0.470833 0.279687 0.477083 0.279687 0.481250 0.285938 0.481250 0.287500 0.479167 0.290625 0.479167 0.295312 0.472917 0.295312 0.468750
0 0.253125 0.447917 0.251563 0.450000 0.251563 0.454167 0.253125 0.456250 0.265625 0.456250 0.265625 0.452083 0.264062 0.450000 0.262500 0.450000 0.260937 0.447917
0 0.360938 0.437500 0.357812 0.441667 0.356250 0.441667 0.353125 0.445833 0.353125 0.450000 0.360938 0.450000 0.367188 0.441667 0.367188 0.437500
0 0.187500 0.437500 0.185938 0.439583 0.185938 0.441667 0.189062 0.445833 0.200000 0.445833 0.201563 0.443750 0.201563 0.439583 0.200000 0.437500
0 0.731250 0.433333 0.723437 0.443750 0.723437 0.447917 0.729688 0.447917 0.737500 0.437500 0.737500 0.435417 0.735938 0.433333
0 0.546875 0.418750 0.540625 0.427083 0.540625 0.439583 0.542188 0.439583 0.548438 0.431250 0.548438 0.420833
0 0.229687 0.385417 0.228125 0.387500 0.226562 0.387500 0.226562 0.393750 0.228125 0.393750 0.229687 0.395833 0.237500 0.395833 0.239063 0.393750 0.239063 0.389583 0.237500 0.387500 0.235937 0.387500 0.234375 0.385417
0 0.342187 0.383333 0.339062 0.387500 0.339062 0.389583 0.340625 0.391667 0.351562 0.391667 0.353125 0.389583 0.353125 0.385417 0.351562 0.383333
0 0.490625 0.370833 0.487500 0.375000 0.482812 0.375000 0.479687 0.379167 0.479687 0.383333 0.481250 0.385417 0.485938 0.385417 0.487500 0.383333 0.489063 0.383333 0.493750 0.377083 0.493750 0.370833
0 0.350000 0.329167 0.348438 0.331250 0.346875 0.331250 0.340625 0.339583 0.340625 0.341667 0.342187 0.343750 0.348438 0.343750 0.353125 0.337500 0.353125 0.329167
0 0.431250 0.304167 0.431250 0.308333 0.435937 0.314583 0.445312 0.314583 0.445312 0.312500 0.440625 0.306250 0.439063 0.306250 0.437500 0.304167
0 0.510938 0.302083 0.510938 0.310417 0.517188 0.318750 0.521875 0.318750 0.521875 0.312500 0.517188 0.306250 0.517188 0.304167 0.515625 0.304167 0.514062 0.302083
1 0.270313 0.872917 0.268750 0.875000 0.268750 0.995833 0.287500 0.995833 0.289062 0.993750 0.289062 0.983333 0.287500 0.981250 0.287500 0.966667 0.285938 0.964583 0.285938 0.943750 0.284375 0.941667 0.284375 0.937500 0.282813 0.935417 0.282813 0.920833 0.281250 0.918750 0.281250 0.908333 0.279687 0.906250 0.279687 0.895833 0.278125 0.893750 0.278125 0.881250 0.276562 0.879167 0.276562 0.875000 0.275000 0.872917
