0 0.242188 0.629167 0.240625 0.631250 0.239063 0.631250 0.239063 0.633333 0.242188 0.637500 0.243750 0.637500 0.245312 0.639583 0.253125 0.639583 0.254688 0.637500 0.254688 0.635417 0.251563 0.631250 0.250000 0.631250 0.248438 0.629167
0 0.139063 0.604167 0.132812 0.612500 0.132812 0.622917 0.137500 0.622917 0.142187 0.616667 0.142187 0.606250 0.140625 0.604167
0 0.789062 0.597917 0.781250 0.608333 0.781250 0.610417 0.782813 0.612500 0.787500 0.612500 0.789062 0.610417 0.790625 0.610417 0.795312 0.604167 0.795312 0.602083 0.796875 0.600000 0.796875 0.597917
0 0.651563 0.568750 0.651563 0.581250 0.656250 0.587500 0.659375 0.587500 0.659375 0.585417 0.660937 0.583333 0.660937 0.581250 0.659375 0.579167 0.659375 0.577083 0.657813 0.575000 0.657813 0.572917 0.654687 0.568750
0 0.200000 0.552083 0.198437 0.554167 0.198437 0.556250 0.196875 0.558333 0.196875 0.566667 0.198437 0.568750 0.201563 0.568750 0.204687 0.564583 0.204687 0.558333 0.203125 0.556250 0.203125 0.552083
0 0.143750 0.537500 0.137500 0.545833 0.137500 0.547917 0.135937 0.550000 0.135937 0.552083 0.137500 0.554167 0.142187 0.554167 0.148438 0.545833 0.148438 0.539583 0.146875 0.537500
0 0.751563 0.533333 0.746875 0.539583 0.746875 0.541667 0.745313 0.543750 0.745313 0.547917 0.751563 0.547917 0.756250 0.541667 0.756250 0.533333
0 0.332813 0.506250 0.331250 0.508333 0.329688 0.508333 0.328125 0.510417 0.328125 0.512500 0.329688 0.514583 0.331250 0.514583 0.332813 0.516667 0.343750 0.516667 0.345313 0.514583 0.345313 0.512500 0.342187 0.508333 0.339062 0.508333 0.337500 0.506250
0 0.221875 0.504167 0.221875 0.508333 0.226562 0.514583 0.235937 0.514583 0.235937 0.510417 0.231250 0.504167
0 0.539062 0.497917 0.537500 0.500000 0.535937 0.500000 0.535937 0.504167 0.537500 0.504167 0.539062 0.506250 0.550000 0.506250 0.551562 0.504167 0.553125 0.504167 0.553125 0.500000 0.551562 0.497917
0 0.614062 0.491667 0.612500 0.493750 0.612500 0.510417 0.615625 0.514583 0.615625 0.516667 0.617188 0.518750 0.620313 0.518750 0.620313 0.506250 0.618750 0.504167 0.618750 0.502083 0.617188 0.500000 0.617188 0.497917 0.615625 0.495833 0.615625 0.491667
0 0.390625 0.489583 0.390625 0.497917 0.395313 0.504167 0.403125 0.504167 0.403125 0.497917 0.398438 0.491667 0.396875 0.491667 0.395313 0.489583
0 0.112500 0.489583 0.110937 0.491667 0.109375 0.491667 0.107813 0.493750 0.107813 0.497917 0.109375 0.497917 0.110937 0.500000 0.117188 0.500000 0.118750 0.497917 0.120313 0.497917 0.123438 0.493750 0.123438 0.489583
0 0.700000 0.475000 0.698438 0.477083 0.698438 0.483333 0.706250 0.493750 0.709375 0.493750 0.709375 0.487500 0.707812 0.485417 0.707812 0.483333 0.701562 0.475000
0 0.460938 0.475000 0.459375 0.477083 0.459375 0.485417 0.465625 0.493750 0.468750 0.493750 0.468750 0.485417 0.467187 0.483333 0.467187 0.481250 0.462500 0.475000
0 0.284375 0.475000 0.279687 0.481250 0.279687 0.487500 0.281250 0.487500 0.282813 0.485417 0.285938 0.485417 0.287500 0.483333 0.290625 0.483333 0.295312 0.477083 0.295312 0.475000
0 0.254688 0.452083 0.251563 0.456250 0.251563 0.458333 0.253125 0.460417 0.265625 0.460417 0.265625 0.456250 0.264062 0.454167 0.262500 0.454167 0.260937 0.452083
0 0.364063 0.441667 0.362500 0.443750 0.359375 0.443750 0.354687 0.450000 0.354687 0.454167 0.362500 0.454167 0.367188 0.447917 0.367188 0.443750 0.365625 0.441667
0 0.189062 0.441667 0.187500 0.443750 0.185938 0.443750 0.185938 0.447917 0.187500 0.450000 0.203125 0.450000 0.203125 0.445833 0.200000 0.441667
0 0.729688 0.439583 0.723437 0.447917 0.723437 0.452083 0.729688 0.452083 0.735938 0.443750 0.735938 0.439583
0 0.545312 0.422917 0.542188 0.427083 0.542188 0.429167 0.540625 0.431250 0.540625 0.441667 0.542188 0.443750 0.548438 0.435417 0.548438 0.425000 0.546875 0.422917
0 0.229687 0.389583 0.228125 0.391667 0.226562 0.391667 0.225000 0.393750 0.225000 0.395833 0.228125 0.400000 0.237500 0.400000 0.239063 0.397917 0.239063 0.393750 0.237500 0.391667 0.234375 0.391667 0.232813 0.389583
0 0.342187 0.387500 0.339062 0.391667 0.339062 0.395833 0.342187 0.395833 0.343750 0.397917 0.350000 0.397917 0.353125 0.393750 0.353125 0.389583 0.351562 0.387500
0 0.492188 0.375000 0.489063 0.379167 0.484375 0.379167 0.482812 0.381250 0.481250 0.381250 0.478125 0.385417 0.478125 0.387500 0.479687 0.389583 0.487500 0.389583 0.493750 0.381250 0.493750 0.375000
0 0.346875 0.335417 0.342187 0.341667 0.342187 0.347917 0.346875 0.347917 0.348438 0.345833 0.350000 0.345833 0.353125 0.341667 0.353125 0.335417
0 0.432812 0.308333 0.431250 0.310417 0.431250 0.312500 0.435937 0.318750 0.437500 0.318750 0.439063 0.320833 0.442188 0.320833 0.443750 0.318750 0.445312 0.318750 0.445312 0.316667 0.440625 0.310417 0.437500 0.310417 0.435937 0.308333
0 0.510938 0.306250 0.510938 0.316667 0.514062 0.320833 0.515625 0.320833 0.517188 0.322917 0.521875 0.322917 0.521875 0.316667 0.514062 0.306250
1 0.557813 0.843750 0.556250 0.845833 0.556250 0.881250 0.554688 0.883333 0.554688 0.897917 0.553125 0.900000 0.553125 0.937500 0.551562 0.939583 0.551562 0.954167 0.550000 0.956250 0.550000 0.995833 0.576562 0.995833 0.576562 0.966667 0.575000 0.964583 0.575000 0.943750 0.573438 0.941667 0.573438 0.937500 0.571875 0.935417 0.571875 0.914583 0.570312 0.912500 0.570312 0.895833 0.568750 0.893750 0.568750 0.881250 0.567187 0.879167 0.567187 0.862500 0.565625 0.860417 0.565625 0.852083 0.564063 0.850000 0.564063 0.845833 0.562500 0.843750
