0 0.768750 0.666667 0.767188 0.668750 0.767188 0.675000 0.768750 0.677083 0.768750 0.679167 0.775000 0.687500 0.778125 0.687500 0.778125 0.685417 0.779687 0.683333 0.779687 0.681250 0.776563 0.677083 0.776563 0.675000 0.770312 0.666667
0 0.123438 0.602083 0.121875 0.604167 0.121875 0.618750 0.123438 0.620833 0.126562 0.620833 0.128125 0.618750 0.128125 0.606250 0.125000 0.602083
0 0.232813 0.602083 0.231250 0.604167 0.231250 0.606250 0.235937 0.612500 0.243750 0.612500 0.245312 0.610417 0.245312 0.608333 0.240625 0.602083
0 0.165625 0.583333 0.165625 0.589583 0.173437 0.600000 0.176563 0.600000 0.178125 0.597917 0.178125 0.591667 0.171875 0.583333
0 0.364063 0.568750 0.362500 0.570833 0.362500 0.577083 0.365625 0.581250 0.365625 0.583333 0.368750 0.587500 0.371875 0.587500 0.371875 0.577083 0.365625 0.568750
0 0.062500 0.537500 0.057813 0.543750 0.057813 0.545833 0.056250 0.547917 0.056250 0.550000 0.064062 0.550000 0.068750 0.543750 0.068750 0.537500
0 0.639062 0.531250 0.639062 0.545833 0.643750 0.552083 0.645312 0.552083 0.645312 0.537500 0.640625 0.531250
0 0.720313 0.525000 0.714063 0.533333 0.714063 0.539583 0.718750 0.539583 0.723437 0.533333 0.723437 0.525000
0 0.473438 0.525000 0.468750 0.531250 0.468750 0.535417 0.473438 0.535417 0.475000 0.533333 0.476562 0.533333 0.481250 0.527083 0.481250 0.525000
0 0.432812 0.518750 0.431250 0.520833 0.429688 0.520833 0.425000 0.527083 0.425000 0.529167 0.434375 0.529167 0.439063 0.522917 0.439063 0.518750
0 0.259375 0.514583 0.256250 0.518750 0.256250 0.520833 0.257812 0.522917 0.257812 0.525000 0.268750 0.525000 0.268750 0.520833 0.265625 0.516667 0.262500 0.516667 0.260937 0.514583
0 0.148438 0.514583 0.148438 0.525000 0.151562 0.529167 0.153125 0.529167 0.154688 0.531250 0.159375 0.531250 0.159375 0.527083 0.157812 0.525000 0.157812 0.520833 0.154688 0.516667 0.153125 0.516667 0.151562 0.514583
0 0.606250 0.506250 0.606250 0.508333 0.604688 0.510417 0.604688 0.518750 0.606250 0.520833 0.606250 0.527083 0.612500 0.531250 0.614062 0.531250 0.617188 0.529167 0.617188 0.518750 0.614062 0.516667 0.614062 0.510417 0.612500 0.506250
0 0.514062 0.506250 0.514062 0.516667 0.520312 0.525000 0.523438 0.525000 0.523438 0.516667 0.521875 0.514583 0.521875 0.512500 0.517188 0.506250
0 0.385937 0.500000 0.384375 0.502083 0.381250 0.502083 0.378125 0.506250 0.378125 0.508333 0.376563 0.510417 0.376563 0.516667 0.381250 0.516667 0.387500 0.508333 0.387500 0.500000
0 0.495312 0.497917 0.495312 0.508333 0.496875 0.510417 0.496875 0.512500 0.501563 0.518750 0.504687 0.518750 0.504687 0.512500 0.503125 0.510417 0.503125 0.506250 0.496875 0.497917
0 0.110937 0.495833 0.104688 0.504167 0.104688 0.506250 0.103125 0.508333 0.103125 0.512500 0.104688 0.514583 0.107813 0.514583 0.114062 0.506250 0.114062 0.497917 0.112500 0.495833
0 0.709375 0.489583 0.709375 0.500000 0.710938 0.502083 0.712500 0.502083 0.714063 0.504167 0.718750 0.504167 0.718750 0.497917 0.712500 0.489583
0 0.631250 0.479167 0.628125 0.483333 0.629687 0.485417 0.631250 0.485417 0.632812 0.487500 0.639062 0.487500 0.640625 0.485417 0.642188 0.485417 0.642188 0.481250 0.640625 0.479167
0 0.353125 0.466667 0.351562 0.468750 0.351562 0.475000 0.353125 0.477083 0.353125 0.483333 0.357812 0.489583 0.360938 0.489583 0.360938 0.485417 0.359375 0.483333 0.359375 0.475000 0.357812 0.472917 0.357812 0.470833 0.354687 0.466667
0 0.300000 0.458333 0.300000 0.475000 0.301563 0.477083 0.303125 0.477083 0.304688 0.479167 0.307812 0.479167 0.307812 0.466667 0.306250 0.464583 0.306250 0.462500 0.303125 0.458333
0 0.425000 0.458333 0.425000 0.464583 0.429688 0.470833 0.434375 0.470833 0.434375 0.464583 0.429688 0.458333
0 0.570312 0.445833 0.570312 0.450000 0.568750 0.452083 0.568750 0.454167 0.570312 0.456250 0.570312 0.462500 0.573438 0.466667 0.575000 0.466667 0.576562 0.464583 0.576562 0.452083 0.571875 0.445833
0 0.500000 0.439583 0.500000 0.443750 0.507812 0.454167 0.512500 0.454167 0.514062 0.452083 0.514062 0.450000 0.512500 0.447917 0.512500 0.445833 0.509375 0.441667 0.507812 0.441667 0.506250 0.439583
0 0.409375 0.400000 0.406250 0.404167 0.404687 0.404167 0.403125 0.406250 0.403125 0.410417 0.414062 0.410417 0.418750 0.404167 0.418750 0.402083 0.417187 0.400000
0 0.295312 0.362500 0.293750 0.364583 0.293750 0.368750 0.298438 0.375000 0.307812 0.375000 0.307812 0.370833 0.301563 0.362500
1 0.531250 0.843750 0.529687 0.845833 0.529687 0.862500 0.528125 0.864583 0.528125 0.900000 0.526563 0.902083 0.526563 0.920833 0.525000 0.922917 0.525000 0.954167 0.523438 0.956250 0.523438 0.995833 0.550000 0.995833 0.550000 0.964583 0.548438 0.962500 0.548438 0.945833 0.546875 0.943750 0.546875 0.935417 0.545312 0.933333 0.545312 0.925000 0.543750 0.922917 0.543750 0.902083 0.542188 0.900000 0.542188 0.891667 0.540625 0.889583 0.540625 0.879167 0.539062 0.877083 0.539062 0.860417 0.537500 0.858333 0.537500 0.845833 0.535937 0.845833 0.534375 0.843750
