0 0.765625 0.595833 0.764062 0.597917 0.764062 0.600000 0.765625 0.602083 0.765625 0.604167 0.771875 0.612500 0.773438 0.612500 0.775000 0.614583 0.776563 0.614583 0.778125 0.612500 0.778125 0.608333 0.776563 0.606250 0.776563 0.604167 0.771875 0.597917 0.770312 0.597917 0.768750 0.595833
0 0.123438 0.529167 0.121875 0.531250 0.121875 0.547917 0.123438 0.550000 0.126562 0.550000 0.128125 0.547917 0.128125 0.533333 0.126562 0.531250 0.126562 0.529167
0 0.232813 0.529167 0.231250 0.531250 0.231250 0.535417 0.232813 0.537500 0.234375 0.537500 0.235937 0.539583 0.245312 0.539583 0.245312 0.533333 0.243750 0.531250 0.242188 0.531250 0.240625 0.529167
0 0.165625 0.510417 0.165625 0.514583 0.167187 0.516667 0.167187 0.518750 0.171875 0.525000 0.173437 0.525000 0.175000 0.527083 0.178125 0.527083 0.178125 0.520833 0.176563 0.518750 0.176563 0.516667 0.173437 0.512500 0.171875 0.512500 0.170313 0.510417
0 0.362500 0.497917 0.362500 0.506250 0.368750 0.514583 0.371875 0.514583 0.371875 0.506250 0.370312 0.504167 0.370312 0.502083 0.367188 0.497917
0 0.060937 0.466667 0.059375 0.468750 0.057813 0.468750 0.054688 0.472917 0.054688 0.475000 0.056250 0.477083 0.067187 0.477083 0.071875 0.470833 0.071875 0.468750 0.070312 0.466667
0 0.639062 0.460417 0.637500 0.462500 0.637500 0.472917 0.642188 0.479167 0.643750 0.479167 0.645312 0.477083 0.645312 0.468750 0.643750 0.466667 0.643750 0.464583 0.640625 0.460417
0 0.720313 0.452083 0.718750 0.454167 0.717187 0.454167 0.712500 0.460417 0.712500 0.468750 0.715625 0.468750 0.717187 0.466667 0.718750 0.466667 0.721875 0.462500 0.721875 0.460417 0.723437 0.458333 0.723437 0.452083
0 0.473438 0.452083 0.467187 0.460417 0.467187 0.462500 0.475000 0.462500 0.479687 0.456250 0.479687 0.452083
0 0.429688 0.447917 0.428125 0.450000 0.426563 0.450000 0.425000 0.452083 0.425000 0.456250 0.426563 0.458333 0.432812 0.458333 0.435937 0.454167 0.437500 0.454167 0.439063 0.452083 0.439063 0.447917
0 0.254688 0.443750 0.253125 0.445833 0.253125 0.447917 0.256250 0.452083 0.257812 0.452083 0.259375 0.454167 0.268750 0.454167 0.270313 0.452083 0.270313 0.447917 0.268750 0.445833 0.267188 0.445833 0.265625 0.443750
0 0.148438 0.443750 0.148438 0.452083 0.151562 0.456250 0.157812 0.456250 0.157812 0.450000 0.153125 0.443750
0 0.609375 0.435417 0.607812 0.437500 0.607812 0.452083 0.610938 0.456250 0.612500 0.456250 0.612500 0.439583
0 0.514062 0.435417 0.514062 0.445833 0.518750 0.452083 0.521875 0.452083 0.521875 0.443750 0.515625 0.435417
0 0.382812 0.429167 0.375000 0.439583 0.375000 0.443750 0.379688 0.443750 0.387500 0.433333 0.387500 0.429167
0 0.493750 0.427083 0.493750 0.439583 0.498437 0.445833 0.501563 0.445833 0.501563 0.435417 0.495312 0.427083
0 0.112500 0.425000 0.110937 0.427083 0.107813 0.427083 0.101562 0.435417 0.101562 0.439583 0.109375 0.439583 0.115625 0.431250 0.115625 0.427083 0.114062 0.425000
0 0.707812 0.418750 0.707812 0.427083 0.710938 0.431250 0.712500 0.431250 0.714063 0.433333 0.717187 0.433333 0.717187 0.425000 0.712500 0.418750
0 0.628125 0.408333 0.626563 0.410417 0.626563 0.412500 0.628125 0.414583 0.642188 0.414583 0.642188 0.410417 0.640625 0.408333
0 0.353125 0.395833 0.351562 0.397917 0.351562 0.408333 0.353125 0.410417 0.353125 0.414583 0.356250 0.418750 0.359375 0.418750 0.359375 0.404167 0.357812 0.402083 0.357812 0.400000 0.354687 0.395833
0 0.301563 0.387500 0.300000 0.389583 0.300000 0.402083 0.301563 0.402083 0.304688 0.406250 0.307812 0.406250 0.307812 0.395833 0.306250 0.393750 0.306250 0.391667 0.303125 0.387500
0 0.425000 0.385417 0.423438 0.387500 0.423438 0.389583 0.425000 0.391667 0.425000 0.393750 0.429688 0.400000 0.432812 0.400000 0.434375 0.397917 0.434375 0.391667 0.429688 0.385417
0 0.570312 0.375000 0.568750 0.377083 0.568750 0.389583 0.571875 0.393750 0.575000 0.393750 0.575000 0.379167 0.571875 0.375000
0 0.500000 0.366667 0.500000 0.375000 0.506250 0.383333 0.509375 0.383333 0.510938 0.381250 0.510938 0.375000 0.506250 0.368750 0.504687 0.368750 0.503125 0.366667
0 0.406250 0.329167 0.403125 0.333333 0.403125 0.337500 0.404687 0.339583 0.410938 0.339583 0.412500 0.337500 0.414062 0.337500 0.418750 0.331250 0.417187 0.329167
0 0.293750 0.291667 0.293750 0.295833 0.300000 0.304167 0.307812 0.304167 0.307812 0.297917 0.303125 0.291667
1 0.664062 0.856250 0.660937 0.860417 0.660937 0.872917 0.659375 0.875000 0.659375 0.895833 0.657813 0.897917 0.657813 0.910417 0.656250 0.912500 0.656250 0.935417 0.654687 0.937500 0.654687 0.956250 0.653125 0.958333 0.653125 0.995833 0.678125 0.995833 0.678125 0.966667 0.676562 0.964583 0.676562 0.958333 0.675000 0.956250 0.675000 0.937500 0.673438 0.935417 0.673438 0.918750 0.671875 0.916667 0.671875 0.887500 0.670312 0.885417 0.670312 0.866667 0.668750 0.864583 0.668750 0.862500 0.665625 0.858333 0.665625 0.856250
