0 0.242188 0.529167 0.240625 0.531250 0.240625 0.535417 0.243750 0.539583 0.253125 0.539583 0.254688 0.537500 0.254688 0.535417 0.251563 0.531250 0.250000 0.531250 0.248438 0.529167
0 0.139063 0.506250 0.137500 0.508333 0.135937 0.508333 0.134375 0.510417 0.134375 0.512500 0.132812 0.514583 0.132812 0.516667 0.131250 0.518750 0.131250 0.522917 0.132812 0.525000 0.134375 0.525000 0.137500 0.520833 0.139063 0.520833 0.142187 0.516667 0.142187 0.508333 0.140625 0.506250
0 0.787500 0.500000 0.781250 0.508333 0.781250 0.512500 0.785937 0.512500 0.787500 0.510417 0.789062 0.510417 0.795312 0.502083 0.795312 0.500000
0 0.650000 0.468750 0.650000 0.481250 0.656250 0.489583 0.657813 0.489583 0.659375 0.487500 0.659375 0.481250 0.657813 0.479167 0.657813 0.477083 0.651563 0.468750
0 0.201563 0.452083 0.196875 0.458333 0.196875 0.466667 0.198437 0.468750 0.201563 0.468750 0.203125 0.466667 0.203125 0.464583 0.204687 0.462500 0.204687 0.454167 0.203125 0.452083
0 0.143750 0.437500 0.137500 0.445833 0.137500 0.447917 0.135937 0.450000 0.135937 0.454167 0.142187 0.454167 0.148438 0.445833 0.148438 0.439583 0.146875 0.437500
0 0.753125 0.433333 0.751563 0.435417 0.750000 0.435417 0.743750 0.443750 0.743750 0.450000 0.748437 0.450000 0.750000 0.447917 0.751563 0.447917 0.756250 0.441667 0.756250 0.435417 0.754687 0.433333
0 0.331250 0.408333 0.328125 0.412500 0.328125 0.414583 0.329688 0.416667 0.331250 0.416667 0.332813 0.418750 0.342187 0.418750 0.343750 0.416667 0.343750 0.412500 0.342187 0.410417 0.340625 0.410417 0.339062 0.408333
0 0.221875 0.404167 0.221875 0.410417 0.225000 0.414583 0.235937 0.414583 0.235937 0.410417 0.232813 0.406250 0.231250 0.406250 0.229687 0.404167
0 0.540625 0.397917 0.539062 0.400000 0.537500 0.400000 0.535937 0.402083 0.535937 0.404167 0.537500 0.406250 0.550000 0.406250 0.551562 0.404167 0.551562 0.400000 0.548438 0.400000 0.546875 0.397917
0 0.612500 0.393750 0.612500 0.414583 0.615625 0.418750 0.618750 0.418750 0.618750 0.408333 0.617188 0.406250 0.617188 0.404167 0.614062 0.400000 0.614062 0.393750
0 0.390625 0.389583 0.390625 0.400000 0.393750 0.404167 0.395313 0.404167 0.396875 0.406250 0.403125 0.406250 0.403125 0.402083 0.401562 0.400000 0.401562 0.397917 0.396875 0.391667 0.393750 0.391667 0.392188 0.389583
0 0.114062 0.389583 0.112500 0.391667 0.110937 0.391667 0.107813 0.395833 0.107813 0.397917 0.109375 0.400000 0.118750 0.400000 0.118750 0.397917 0.121875 0.393750 0.121875 0.391667 0.120313 0.389583
0 0.698438 0.379167 0.698438 0.387500 0.704688 0.395833 0.707812 0.395833 0.707812 0.389583 0.706250 0.387500 0.706250 0.385417 0.701562 0.379167
0 0.459375 0.377083 0.457813 0.379167 0.457813 0.385417 0.464062 0.393750 0.467187 0.393750 0.467187 0.383333 0.462500 0.377083
0 0.289062 0.375000 0.287500 0.377083 0.282813 0.377083 0.278125 0.383333 0.278125 0.389583 0.281250 0.389583 0.284375 0.385417 0.289062 0.385417 0.290625 0.383333 0.292187 0.383333 0.295312 0.379167 0.295312 0.375000
0 0.254688 0.354167 0.253125 0.356250 0.251563 0.356250 0.250000 0.358333 0.253125 0.362500 0.264062 0.362500 0.265625 0.360417 0.265625 0.358333 0.264062 0.356250 0.262500 0.356250 0.260937 0.354167
0 0.362500 0.343750 0.360938 0.345833 0.357812 0.345833 0.351562 0.354167 0.351562 0.356250 0.360938 0.356250 0.365625 0.350000 0.365625 0.343750
0 0.187500 0.343750 0.185938 0.345833 0.185938 0.350000 0.187500 0.350000 0.189062 0.352083 0.198437 0.352083 0.200000 0.350000 0.201563 0.350000 0.201563 0.345833 0.200000 0.343750
0 0.729688 0.339583 0.721875 0.350000 0.721875 0.354167 0.729688 0.354167 0.735938 0.345833 0.735938 0.341667 0.734375 0.339583
0 0.543750 0.327083 0.540625 0.331250 0.540625 0.333333 0.539062 0.335417 0.539062 0.345833 0.542188 0.345833 0.546875 0.339583 0.546875 0.335417 0.550000 0.331250 0.546875 0.327083
0 0.229687 0.291667 0.228125 0.293750 0.226562 0.293750 0.225000 0.295833 0.225000 0.297917 0.228125 0.302083 0.234375 0.302083 0.235937 0.300000 0.237500 0.300000 0.237500 0.295833 0.234375 0.291667
0 0.342187 0.289583 0.339062 0.293750 0.339062 0.297917 0.340625 0.300000 0.348438 0.300000 0.353125 0.293750 0.353125 0.291667 0.351562 0.291667 0.350000 0.289583
0 0.490625 0.277083 0.487500 0.281250 0.481250 0.281250 0.479687 0.283333 0.478125 0.283333 0.478125 0.289583 0.479687 0.289583 0.481250 0.291667 0.485938 0.291667 0.492188 0.283333 0.492188 0.277083
0 0.346875 0.237500 0.345313 0.239583 0.342187 0.239583 0.342187 0.243750 0.340625 0.245833 0.340625 0.250000 0.346875 0.250000 0.351562 0.243750 0.351562 0.237500
0 0.431250 0.212500 0.431250 0.216667 0.434375 0.220833 0.437500 0.220833 0.439063 0.222917 0.442188 0.222917 0.443750 0.220833 0.443750 0.218750 0.439063 0.212500
0 0.509375 0.208333 0.509375 0.216667 0.515625 0.225000 0.520312 0.225000 0.520312 0.218750 0.517188 0.214583 0.517188 0.212500 0.515625 0.210417 0.514062 0.210417 0.512500 0.208333
1 0.490625 0.862500 0.490625 0.868750 0.489063 0.870833 0.489063 0.897917 0.487500 0.900000 0.487500 0.933333 0.485938 0.935417 0.485938 0.962500 0.484375 0.964583 0.484375 0.995833 0.507812 0.995833 0.507812 0.958333 0.506250 0.956250 0.506250 0.943750 0.504687 0.941667 0.504687 0.927083 0.503125 0.925000 0.503125 0.916667 0.501563 0.914583 0.501563 0.893750 0.500000 0.891667 0.500000 0.883333 0.498437 0.881250 0.498437 0.872917 0.496875 0.870833 0.496875 0.864583 0.495312 0.862500
