0 0.168750 0.691667 0.167187 0.693750 0.167187 0.697917 0.170313 0.702083 0.179688 0.702083 0.181250 0.700000 0.181250 0.695833 0.178125 0.691667
0 0.682813 0.635417 0.678125 0.641667 0.678125 0.647917 0.684375 0.647917 0.689063 0.641667 0.689063 0.635417
0 0.121875 0.631250 0.120313 0.633333 0.120313 0.647917 0.121875 0.650000 0.125000 0.650000 0.125000 0.647917 0.126562 0.645833 0.126562 0.633333 0.125000 0.631250
0 0.120313 0.610417 0.120313 0.614583 0.123438 0.618750 0.126562 0.618750 0.128125 0.620833 0.132812 0.620833 0.134375 0.618750 0.134375 0.616667 0.129688 0.610417
0 0.626563 0.600000 0.620313 0.608333 0.620313 0.616667 0.625000 0.616667 0.628125 0.612500 0.628125 0.610417 0.629687 0.608333 0.629687 0.600000
0 0.732812 0.589583 0.728125 0.595833 0.728125 0.597917 0.726562 0.600000 0.726562 0.606250 0.728125 0.608333 0.729688 0.608333 0.734375 0.602083 0.734375 0.589583
0 0.198437 0.585417 0.196875 0.587500 0.195312 0.587500 0.190625 0.593750 0.190625 0.597917 0.198437 0.597917 0.203125 0.591667 0.203125 0.587500 0.201563 0.585417
0 0.301563 0.554167 0.300000 0.556250 0.300000 0.558333 0.304688 0.564583 0.314063 0.564583 0.315625 0.562500 0.315625 0.558333 0.314063 0.556250 0.312500 0.556250 0.310937 0.554167
0 0.554688 0.550000 0.553125 0.552083 0.553125 0.556250 0.554688 0.558333 0.554688 0.560417 0.557813 0.564583 0.559375 0.564583 0.560937 0.566667 0.565625 0.566667 0.565625 0.560417 0.559375 0.552083 0.557813 0.552083 0.556250 0.550000
0 0.109375 0.547917 0.107813 0.550000 0.106250 0.550000 0.103125 0.554167 0.103125 0.558333 0.110937 0.558333 0.112500 0.556250 0.114062 0.556250 0.117188 0.552083 0.117188 0.550000 0.115625 0.547917
0 0.628125 0.541667 0.625000 0.545833 0.625000 0.547917 0.628125 0.552083 0.639062 0.552083 0.640625 0.550000 0.640625 0.545833 0.639062 0.543750 0.635938 0.543750 0.634375 0.541667
0 0.175000 0.539583 0.170313 0.545833 0.170313 0.552083 0.167187 0.556250 0.167187 0.560417 0.168750 0.562500 0.170313 0.562500 0.176563 0.554167 0.176563 0.539583
0 0.662500 0.525000 0.662500 0.531250 0.668750 0.539583 0.671875 0.539583 0.671875 0.531250 0.667188 0.525000
0 0.239063 0.514583 0.237500 0.516667 0.237500 0.531250 0.239063 0.533333 0.242188 0.533333 0.243750 0.531250 0.243750 0.518750 0.240625 0.514583
0 0.506250 0.506250 0.504687 0.508333 0.503125 0.508333 0.500000 0.512500 0.500000 0.516667 0.506250 0.516667 0.507812 0.514583 0.510938 0.514583 0.514062 0.510417 0.514062 0.506250
0 0.365625 0.487500 0.365625 0.493750 0.371875 0.502083 0.378125 0.502083 0.378125 0.495833 0.373437 0.489583 0.371875 0.489583 0.370312 0.487500
0 0.162500 0.470833 0.159375 0.475000 0.159375 0.487500 0.162500 0.491667 0.164062 0.491667 0.165625 0.489583 0.165625 0.487500 0.167187 0.485417 0.167187 0.475000 0.164062 0.470833
0 0.275000 0.466667 0.273438 0.468750 0.275000 0.470833 0.275000 0.472917 0.278125 0.477083 0.279687 0.477083 0.281250 0.479167 0.287500 0.479167 0.289062 0.477083 0.289062 0.472917 0.284375 0.466667
0 0.440625 0.466667 0.434375 0.475000 0.434375 0.479167 0.440625 0.479167 0.446875 0.470833 0.446875 0.466667
0 0.554688 0.443750 0.553125 0.445833 0.553125 0.456250 0.559375 0.464583 0.562500 0.464583 0.562500 0.454167 0.560937 0.452083 0.560937 0.450000 0.556250 0.443750
0 0.456250 0.431250 0.454688 0.433333 0.450000 0.433333 0.448437 0.435417 0.446875 0.435417 0.443750 0.439583 0.443750 0.441667 0.454688 0.441667 0.460938 0.433333 0.460938 0.431250
0 0.631250 0.422917 0.629687 0.425000 0.629687 0.443750 0.634375 0.450000 0.635938 0.450000 0.635938 0.435417 0.632812 0.431250 0.632812 0.422917
0 0.496875 0.395833 0.495312 0.397917 0.495312 0.406250 0.500000 0.412500 0.506250 0.412500 0.506250 0.406250 0.501563 0.400000 0.500000 0.400000
0 0.342187 0.397917 0.339062 0.402083 0.339062 0.404167 0.340625 0.406250 0.351562 0.406250 0.353125 0.404167 0.353125 0.400000 0.351562 0.397917
1 0.582812 0.845833 0.582812 0.860417 0.581250 0.862500 0.581250 0.877083 0.579688 0.879167 0.579688 0.900000 0.578125 0.902083 0.578125 0.935417 0.576562 0.937500 0.576562 0.950000 0.575000 0.952083 0.575000 0.995833 0.601562 0.995833 0.601562 0.970833 0.600000 0.968750 0.600000 0.958333 0.598437 0.956250 0.598437 0.933333 0.596875 0.931250 0.596875 0.922917 0.595313 0.920833 0.595313 0.908333 0.593750 0.906250 0.593750 0.887500 0.592187 0.885417 0.592187 0.877083 0.590625 0.875000 0.590625 0.856250 0.589063 0.854167 0.589063 0.847917 0.587500 0.845833
