0 0.167187 0.537500 0.165625 0.539583 0.165625 0.543750 0.167187 0.545833 0.168750 0.545833 0.170313 0.547917 0.178125 0.547917 0.179688 0.545833 0.179688 0.541667 0.176563 0.537500
0 0.679688 0.485417 0.675000 0.491667 0.675000 0.495833 0.676562 0.497917 0.681250 0.497917 0.685937 0.491667 0.685937 0.487500 0.684375 0.485417
0 0.121875 0.477083 0.120313 0.479167 0.120313 0.493750 0.121875 0.495833 0.123438 0.495833 0.126562 0.491667 0.126562 0.481250 0.125000 0.479167 0.125000 0.477083
0 0.118750 0.458333 0.118750 0.462500 0.120313 0.464583 0.134375 0.464583 0.134375 0.462500 0.132812 0.460417 0.131250 0.460417 0.129688 0.458333
0 0.623437 0.450000 0.620313 0.454167 0.620313 0.456250 0.618750 0.458333 0.618750 0.466667 0.621875 0.466667 0.626563 0.460417 0.626563 0.458333 0.628125 0.456250 0.628125 0.450000
0 0.729688 0.441667 0.725000 0.447917 0.725000 0.458333 0.728125 0.458333 0.731250 0.454167 0.731250 0.452083 0.732812 0.450000 0.732812 0.443750 0.731250 0.441667
0 0.198437 0.433333 0.196875 0.435417 0.195312 0.435417 0.190625 0.441667 0.190625 0.445833 0.198437 0.445833 0.203125 0.439583 0.203125 0.433333
0 0.553125 0.402083 0.553125 0.410417 0.559375 0.418750 0.564063 0.418750 0.564063 0.412500 0.562500 0.410417 0.562500 0.408333 0.559375 0.404167 0.557813 0.404167 0.556250 0.402083
0 0.303125 0.402083 0.301563 0.404167 0.300000 0.404167 0.300000 0.408333 0.303125 0.412500 0.312500 0.412500 0.314063 0.410417 0.314063 0.406250 0.312500 0.404167 0.310937 0.404167 0.309375 0.402083
0 0.110937 0.393750 0.109375 0.395833 0.106250 0.395833 0.103125 0.400000 0.103125 0.404167 0.104688 0.406250 0.109375 0.406250 0.110937 0.404167 0.114062 0.404167 0.117188 0.400000 0.117188 0.395833 0.115625 0.393750
0 0.625000 0.393750 0.623437 0.395833 0.623437 0.397917 0.626563 0.402083 0.635938 0.402083 0.637500 0.400000 0.639062 0.400000 0.639062 0.397917 0.635938 0.393750
0 0.173437 0.387500 0.170313 0.391667 0.170313 0.395833 0.168750 0.397917 0.168750 0.400000 0.167187 0.402083 0.167187 0.406250 0.168750 0.408333 0.170313 0.408333 0.176563 0.400000 0.176563 0.387500
0 0.660937 0.375000 0.660937 0.383333 0.665625 0.389583 0.668750 0.389583 0.668750 0.381250 0.664062 0.375000
0 0.237500 0.362500 0.237500 0.364583 0.235937 0.366667 0.235937 0.377083 0.239063 0.381250 0.240625 0.381250 0.242188 0.379167 0.242188 0.364583 0.240625 0.362500
0 0.504687 0.356250 0.503125 0.358333 0.501563 0.358333 0.496875 0.364583 0.496875 0.366667 0.506250 0.366667 0.507812 0.364583 0.509375 0.364583 0.512500 0.360417 0.512500 0.356250
0 0.364063 0.337500 0.364063 0.343750 0.370312 0.352083 0.376563 0.352083 0.376563 0.345833 0.370312 0.337500
0 0.160938 0.320833 0.159375 0.322917 0.159375 0.339583 0.162500 0.339583 0.164062 0.337500 0.164062 0.335417 0.165625 0.333333 0.165625 0.322917 0.164062 0.320833
0 0.440625 0.316667 0.439063 0.318750 0.437500 0.318750 0.432812 0.325000 0.432812 0.329167 0.437500 0.329167 0.439063 0.327083 0.442188 0.327083 0.445312 0.322917 0.445312 0.316667
0 0.273438 0.316667 0.273438 0.318750 0.278125 0.325000 0.278125 0.327083 0.287500 0.327083 0.289062 0.325000 0.289062 0.322917 0.284375 0.316667
0 0.551562 0.295833 0.551562 0.304167 0.553125 0.306250 0.553125 0.308333 0.557813 0.314583 0.560937 0.314583 0.560937 0.304167 0.554688 0.295833
0 0.454688 0.281250 0.451562 0.285417 0.445312 0.285417 0.442188 0.289583 0.442188 0.291667 0.443750 0.293750 0.451562 0.293750 0.459375 0.283333 0.457813 0.281250
0 0.629687 0.275000 0.628125 0.277083 0.628125 0.295833 0.632812 0.302083 0.634375 0.302083 0.634375 0.289583 0.632812 0.287500 0.632812 0.285417 0.631250 0.283333 0.631250 0.275000
0 0.495312 0.250000 0.495312 0.258333 0.498437 0.262500 0.500000 0.262500 0.501563 0.264583 0.504687 0.264583 0.504687 0.258333 0.498437 0.250000
0 0.342187 0.247917 0.340625 0.250000 0.340625 0.254167 0.351562 0.254167 0.353125 0.252083 0.353125 0.250000 0.351562 0.247917
1 0.351562 0.841667 0.348438 0.845833 0.348438 0.925000 0.346875 0.927083 0.346875 0.995833 0.371875 0.995833 0.371875 0.983333 0.370312 0.981250 0.370312 0.972917 0.368750 0.970833 0.368750 0.947917 0.367188 0.945833 0.367188 0.937500 0.365625 0.935417 0.365625 0.914583 0.364063 0.912500 0.364063 0.900000 0.362500 0.897917 0.362500 0.891667 0.360938 0.889583 0.360938 0.883333 0.359375 0.881250 0.359375 0.860417 0.357812 0.858333 0.357812 0.847917 0.356250 0.845833 0.356250 0.843750 0.354687 0.843750 0.353125 0.841667
