0 0.242188 0.560417 0.240625 0.562500 0.240625 0.566667 0.243750 0.570833 0.251563 0.570833 0.253125 0.568750 0.253125 0.564583 0.251563 0.562500 0.248438 0.562500 0.246875 0.560417
0 0.139063 0.537500 0.132812 0.545833 0.132812 0.547917 0.131250 0.550000 0.131250 0.556250 0.135937 0.556250 0.140625 0.550000 0.140625 0.547917 0.142187 0.545833 0.142187 0.537500
0 0.787500 0.531250 0.781250 0.539583 0.781250 0.543750 0.787500 0.543750 0.789062 0.541667 0.790625 0.541667 0.793750 0.537500 0.793750 0.535417 0.795312 0.533333 0.795312 0.531250
0 0.650000 0.500000 0.650000 0.510417 0.651563 0.512500 0.651563 0.514583 0.654687 0.518750 0.659375 0.518750 0.659375 0.512500 0.657813 0.510417 0.657813 0.506250 0.653125 0.500000
0 0.201563 0.481250 0.198437 0.485417 0.198437 0.487500 0.196875 0.489583 0.196875 0.500000 0.198437 0.502083 0.200000 0.502083 0.204687 0.495833 0.204687 0.483333 0.203125 0.481250
0 0.143750 0.468750 0.135937 0.479167 0.135937 0.485417 0.140625 0.485417 0.142187 0.483333 0.143750 0.483333 0.148438 0.477083 0.148438 0.470833 0.146875 0.468750
0 0.751563 0.464583 0.745313 0.472917 0.745313 0.481250 0.748437 0.481250 0.750000 0.479167 0.751563 0.479167 0.756250 0.472917 0.756250 0.464583
0 0.331250 0.439583 0.328125 0.443750 0.328125 0.445833 0.329688 0.447917 0.343750 0.447917 0.343750 0.443750 0.340625 0.439583
0 0.223438 0.435417 0.221875 0.437500 0.221875 0.441667 0.225000 0.445833 0.226562 0.445833 0.228125 0.447917 0.232813 0.447917 0.234375 0.445833 0.235937 0.445833 0.235937 0.441667 0.231250 0.435417
0 0.539062 0.429167 0.535937 0.433333 0.535937 0.435417 0.537500 0.437500 0.550000 0.437500 0.551562 0.435417 0.551562 0.431250 0.550000 0.431250 0.548438 0.429167
0 0.614062 0.425000 0.612500 0.427083 0.612500 0.445833 0.617188 0.452083 0.620313 0.452083 0.620313 0.441667 0.618750 0.439583 0.618750 0.437500 0.615625 0.433333 0.615625 0.425000
0 0.390625 0.420833 0.390625 0.429167 0.396875 0.437500 0.403125 0.437500 0.403125 0.431250 0.396875 0.422917 0.393750 0.422917 0.392188 0.420833
0 0.114062 0.420833 0.112500 0.422917 0.110937 0.422917 0.107813 0.427083 0.107813 0.429167 0.109375 0.431250 0.118750 0.431250 0.123438 0.425000 0.123438 0.422917 0.121875 0.420833
0 0.698438 0.408333 0.698438 0.416667 0.700000 0.418750 0.700000 0.420833 0.704688 0.427083 0.707812 0.427083 0.707812 0.416667 0.701562 0.408333
0 0.459375 0.408333 0.459375 0.418750 0.460938 0.420833 0.460938 0.422917 0.462500 0.425000 0.467187 0.425000 0.467187 0.414583 0.462500 0.408333
0 0.285938 0.406250 0.284375 0.408333 0.282813 0.408333 0.279687 0.412500 0.279687 0.418750 0.281250 0.418750 0.282813 0.416667 0.289062 0.416667 0.290625 0.414583 0.292187 0.414583 0.295312 0.410417 0.295312 0.408333 0.293750 0.406250
0 0.253125 0.385417 0.251563 0.387500 0.251563 0.389583 0.254688 0.393750 0.264062 0.393750 0.265625 0.391667 0.265625 0.389583 0.264062 0.387500 0.262500 0.387500 0.260937 0.385417
0 0.360938 0.375000 0.359375 0.377083 0.357812 0.377083 0.353125 0.383333 0.353125 0.387500 0.360938 0.387500 0.367188 0.379167 0.367188 0.377083 0.365625 0.375000
0 0.187500 0.375000 0.185938 0.377083 0.185938 0.379167 0.187500 0.381250 0.190625 0.381250 0.192188 0.383333 0.198437 0.383333 0.200000 0.381250 0.201563 0.381250 0.201563 0.377083 0.200000 0.375000
0 0.729688 0.370833 0.721875 0.381250 0.721875 0.385417 0.728125 0.385417 0.729688 0.383333 0.731250 0.383333 0.735938 0.377083 0.735938 0.370833
0 0.545312 0.356250 0.540625 0.362500 0.540625 0.364583 0.539062 0.366667 0.539062 0.375000 0.540625 0.377083 0.542188 0.377083 0.548438 0.368750 0.548438 0.358333 0.546875 0.356250
0 0.228125 0.322917 0.225000 0.327083 0.225000 0.329167 0.226562 0.331250 0.229687 0.331250 0.231250 0.333333 0.235937 0.333333 0.237500 0.331250 0.237500 0.327083 0.234375 0.322917
0 0.342187 0.320833 0.339062 0.325000 0.339062 0.327083 0.340625 0.329167 0.350000 0.329167 0.353125 0.325000 0.353125 0.322917 0.351562 0.320833
0 0.490625 0.308333 0.487500 0.312500 0.482812 0.312500 0.481250 0.314583 0.479687 0.314583 0.478125 0.316667 0.478125 0.320833 0.487500 0.320833 0.492188 0.314583 0.492188 0.308333
0 0.346875 0.268750 0.342187 0.275000 0.342187 0.279167 0.348438 0.279167 0.351562 0.275000 0.351562 0.268750
0 0.431250 0.241667 0.429688 0.243750 0.429688 0.245833 0.435937 0.254167 0.443750 0.254167 0.445312 0.252083 0.445312 0.250000 0.440625 0.243750 0.437500 0.243750 0.435937 0.241667
0 0.510938 0.239583 0.509375 0.241667 0.509375 0.245833 0.510938 0.247917 0.510938 0.250000 0.514062 0.254167 0.515625 0.254167 0.517188 0.256250 0.520312 0.256250 0.520312 0.247917 0.515625 0.241667 0.514062 0.241667 0.512500 0.239583
1 0.715625 0.854167 0.714063 0.856250 0.712500 0.856250 0.712500 0.872917 0.710938 0.875000 0.710938 0.889583 0.709375 0.891667 0.709375 0.908333 0.707812 0.910417 0.707812 0.931250 0.706250 0.933333 0.706250 0.950000 0.704688 0.952083 0.704688 0.956250 0.703125 0.958333 0.703125 0.995833 0.728125 0.995833 0.728125 0.952083 0.726562 0.950000 0.726562 0.925000 0.725000 0.922917 0.725000 0.902083 0.723437 0.900000 0.723437 0.881250 0.721875 0.879167 0.721875 0.862500 0.720313 0.860417 0.720313 0.856250 0.718750 0.854167
