0 0.060937 0.529167 0.057813 0.533333 0.057813 0.535417 0.056250 0.537500 0.056250 0.545833 0.057813 0.547917 0.060937 0.547917 0.064062 0.543750 0.064062 0.531250 0.062500 0.529167
0 0.123438 0.527083 0.120313 0.531250 0.120313 0.543750 0.125000 0.543750 0.126562 0.541667 0.126562 0.537500 0.128125 0.535417 0.128125 0.529167 0.126562 0.527083
0 0.165625 0.508333 0.165625 0.512500 0.167187 0.514583 0.167187 0.516667 0.171875 0.522917 0.176563 0.522917 0.176563 0.514583 0.173437 0.510417 0.171875 0.510417 0.170313 0.508333
0 0.550000 0.500000 0.548438 0.502083 0.546875 0.502083 0.543750 0.506250 0.543750 0.514583 0.548438 0.514583 0.553125 0.508333 0.553125 0.506250 0.554688 0.504167 0.554688 0.500000
0 0.357812 0.495833 0.354687 0.500000 0.354687 0.512500 0.356250 0.514583 0.357812 0.514583 0.359375 0.512500 0.359375 0.510417 0.360938 0.508333 0.360938 0.495833
0 0.390625 0.487500 0.390625 0.491667 0.393750 0.495833 0.404687 0.495833 0.404687 0.493750 0.400000 0.487500
0 0.642188 0.483333 0.640625 0.485417 0.640625 0.497917 0.643750 0.502083 0.646875 0.502083 0.646875 0.487500 0.643750 0.483333
0 0.314063 0.485417 0.307812 0.493750 0.307812 0.502083 0.312500 0.502083 0.317188 0.495833 0.317188 0.493750 0.318750 0.491667 0.318750 0.485417
0 0.223438 0.470833 0.223438 0.481250 0.228125 0.487500 0.231250 0.487500 0.231250 0.477083 0.226562 0.470833
0 0.679688 0.454167 0.678125 0.456250 0.678125 0.458333 0.682813 0.464583 0.692187 0.464583 0.693750 0.462500 0.693750 0.458333 0.692187 0.456250 0.690625 0.456250 0.689063 0.454167
0 0.060937 0.450000 0.059375 0.452083 0.059375 0.466667 0.060937 0.468750 0.064062 0.468750 0.065625 0.466667 0.065625 0.456250 0.064062 0.454167 0.064062 0.452083 0.062500 0.450000
0 0.471875 0.450000 0.467187 0.456250 0.467187 0.460417 0.468750 0.462500 0.471875 0.462500 0.473438 0.460417 0.475000 0.460417 0.481250 0.452083 0.481250 0.450000
0 0.257812 0.441667 0.253125 0.447917 0.253125 0.458333 0.256250 0.458333 0.259375 0.454167 0.259375 0.452083 0.260937 0.450000 0.260937 0.443750 0.259375 0.441667
0 0.643750 0.433333 0.642188 0.435417 0.642188 0.437500 0.640625 0.439583 0.640625 0.456250 0.642188 0.458333 0.645312 0.454167 0.645312 0.452083 0.646875 0.450000 0.646875 0.437500
0 0.606250 0.435417 0.606250 0.447917 0.607812 0.450000 0.607812 0.452083 0.609375 0.454167 0.612500 0.454167 0.614062 0.452083 0.614062 0.443750 0.612500 0.441667 0.612500 0.439583 0.609375 0.435417
0 0.512500 0.433333 0.512500 0.441667 0.520312 0.452083 0.521875 0.452083 0.521875 0.441667 0.515625 0.433333
0 0.398438 0.422917 0.398438 0.427083 0.400000 0.429167 0.401562 0.429167 0.404687 0.433333 0.414062 0.433333 0.414062 0.429167 0.410938 0.425000 0.409375 0.425000 0.407813 0.422917
0 0.332813 0.416667 0.331250 0.418750 0.328125 0.418750 0.326562 0.420833 0.326562 0.422917 0.328125 0.425000 0.343750 0.425000 0.345313 0.422917 0.345313 0.418750 0.343750 0.416667
0 0.028125 0.412500 0.028125 0.425000 0.032813 0.431250 0.034375 0.431250 0.035937 0.429167 0.035937 0.418750 0.031250 0.412500
0 0.373437 0.410417 0.367188 0.418750 0.367188 0.427083 0.370312 0.427083 0.376563 0.418750 0.376563 0.410417
0 0.559375 0.406250 0.559375 0.414583 0.564063 0.420833 0.567187 0.420833 0.568750 0.418750 0.568750 0.414583 0.567187 0.412500 0.567187 0.410417 0.564063 0.406250
0 0.289062 0.391667 0.285938 0.395833 0.285938 0.410417 0.289062 0.414583 0.290625 0.414583 0.292187 0.412500 0.292187 0.393750 0.290625 0.391667
0 0.720313 0.391667 0.718750 0.393750 0.718750 0.402083 0.720313 0.404167 0.720313 0.406250 0.721875 0.408333 0.721875 0.410417 0.723437 0.412500 0.726562 0.412500 0.726562 0.397917 0.721875 0.391667
0 0.651563 0.389583 0.650000 0.391667 0.654687 0.397917 0.660937 0.397917 0.662500 0.395833 0.664062 0.395833 0.665625 0.393750 0.665625 0.391667 0.664062 0.389583
0 0.235937 0.387500 0.232813 0.391667 0.232813 0.404167 0.235937 0.404167 0.239063 0.400000 0.239063 0.389583 0.237500 0.387500
0 0.507812 0.383333 0.506250 0.385417 0.506250 0.387500 0.504687 0.389583 0.504687 0.397917 0.506250 0.400000 0.506250 0.402083 0.507812 0.404167 0.510938 0.404167 0.512500 0.402083 0.512500 0.391667 0.510938 0.389583 0.510938 0.385417 0.509375 0.383333
0 0.450000 0.383333 0.448437 0.385417 0.448437 0.387500 0.450000 0.389583 0.450000 0.393750 0.454688 0.400000 0.459375 0.400000 0.459375 0.395833 0.457813 0.393750 0.457813 0.391667 0.451562 0.383333
0 0.100000 0.383333 0.098437 0.385417 0.096875 0.385417 0.095312 0.387500 0.093750 0.387500 0.092188 0.389583 0.092188 0.393750 0.101562 0.393750 0.103125 0.391667 0.104688 0.391667 0.107813 0.387500 0.107813 0.385417 0.106250 0.383333
0 0.410938 0.375000 0.407813 0.379167 0.407813 0.381250 0.406250 0.383333 0.406250 0.395833 0.409375 0.395833 0.412500 0.391667 0.412500 0.375000
0 0.571875 0.368750 0.568750 0.375000 0.568750 0.387500 0.571875 0.389583 0.571875 0.391667 0.571875 0.391667 0.575000 0.391667 0.576562 0.391667 0.576562 0.391667 0.579688 0.389583 0.579688 0.387500 0.581250 0.383333 0.581250 0.377083 0.579688 0.375000 0.579688 0.370833 0.576562 0.368750
1 0.775000 0.879167 0.775000 0.881250 0.773438 0.883333 0.773438 0.897917 0.771875 0.900000 0.771875 0.918750 0.770312 0.920833 0.770312 0.927083 0.768750 0.929167 0.768750 0.947917 0.767188 0.950000 0.767188 0.964583 0.765625 0.966667 0.765625 0.981250 0.764062 0.983333 0.764062 0.995833 0.787500 0.995833 0.787500 0.968750 0.785937 0.966667 0.785937 0.943750 0.784375 0.941667 0.784375 0.900000 0.782813 0.897917 0.782813 0.885417 0.781250 0.883333 0.781250 0.881250 0.779687 0.879167
