0 0.329688 0.508333 0.328125 0.510417 0.326562 0.510417 0.326562 0.514583 0.328125 0.516667 0.329688 0.516667 0.331250 0.518750 0.340625 0.518750 0.343750 0.514583 0.343750 0.512500 0.342187 0.510417 0.340625 0.510417 0.339062 0.508333
0 0.431250 0.504167 0.426563 0.510417 0.426563 0.514583 0.434375 0.514583 0.439063 0.508333 0.439063 0.506250 0.437500 0.504167
0 0.712500 0.497917 0.712500 0.506250 0.718750 0.514583 0.723437 0.514583 0.723437 0.508333 0.721875 0.506250 0.721875 0.504167 0.717187 0.497917
0 0.751563 0.479167 0.751563 0.487500 0.757812 0.495833 0.762500 0.495833 0.764062 0.493750 0.762500 0.491667 0.762500 0.489583 0.754687 0.479167
0 0.532813 0.470833 0.526563 0.479167 0.526563 0.487500 0.529687 0.487500 0.535937 0.479167 0.535937 0.470833
0 0.582812 0.468750 0.581250 0.470833 0.581250 0.483333 0.584375 0.487500 0.585938 0.487500 0.587500 0.485417 0.587500 0.472917 0.584375 0.468750
0 0.442188 0.466667 0.442188 0.470833 0.448437 0.479167 0.454688 0.479167 0.456250 0.477083 0.456250 0.475000 0.451562 0.468750 0.450000 0.468750 0.448437 0.466667
0 0.629687 0.450000 0.625000 0.456250 0.625000 0.466667 0.628125 0.466667 0.632812 0.460417 0.632812 0.450000
0 0.507812 0.452083 0.506250 0.454167 0.506250 0.456250 0.507812 0.458333 0.520312 0.458333 0.521875 0.456250 0.521875 0.454167 0.520312 0.452083
0 0.343750 0.450000 0.342187 0.452083 0.342187 0.456250 0.348438 0.464583 0.357812 0.464583 0.357812 0.462500 0.348438 0.450000
0 0.543750 0.441667 0.542188 0.441667 0.542188 0.441667 0.539062 0.445833 0.539062 0.450000 0.534375 0.454167 0.534375 0.456250 0.539062 0.462500 0.542188 0.462500 0.542188 0.458333 0.543750 0.458333 0.546875 0.456250 0.546875 0.456250 0.550000 0.454167 0.550000 0.454167 0.551562 0.452083 0.551562 0.443750 0.546875 0.441667
0 0.737500 0.441667 0.737500 0.456250 0.739062 0.458333 0.742188 0.458333 0.742188 0.445833 0.739062 0.441667
0 0.290625 0.437500 0.289062 0.439583 0.289062 0.450000 0.290625 0.452083 0.290625 0.454167 0.293750 0.454167 0.295312 0.452083 0.295312 0.441667 0.292187 0.437500
0 0.701562 0.437500 0.700000 0.439583 0.695312 0.439583 0.695312 0.441667 0.696875 0.443750 0.712500 0.443750 0.715625 0.439583 0.714063 0.437500
0 0.306250 0.435417 0.304688 0.437500 0.304688 0.439583 0.306250 0.441667 0.306250 0.443750 0.312500 0.452083 0.315625 0.452083 0.315625 0.445833 0.314063 0.443750 0.314063 0.441667 0.309375 0.435417
0 0.778125 0.425000 0.775000 0.429167 0.775000 0.431250 0.773438 0.433333 0.773438 0.445833 0.776563 0.445833 0.779687 0.441667 0.779687 0.439583 0.781250 0.437500 0.781250 0.431250 0.779687 0.429167 0.779687 0.425000
0 0.400000 0.416667 0.398438 0.418750 0.403125 0.425000 0.404687 0.425000 0.406250 0.427083 0.414062 0.427083 0.415625 0.425000 0.415625 0.422917 0.412500 0.418750 0.410938 0.418750 0.409375 0.416667
0 0.360938 0.414583 0.359375 0.416667 0.359375 0.418750 0.362500 0.422917 0.371875 0.422917 0.375000 0.418750 0.375000 0.416667 0.373437 0.414583
0 0.260937 0.402083 0.260937 0.414583 0.264062 0.418750 0.267188 0.418750 0.267188 0.406250 0.264062 0.402083
0 0.573438 0.397917 0.571875 0.400000 0.571875 0.414583 0.575000 0.418750 0.576562 0.416667 0.576562 0.400000 0.575000 0.397917
0 0.670312 0.391667 0.665625 0.397917 0.665625 0.400000 0.664062 0.402083 0.664062 0.408333 0.667188 0.408333 0.671875 0.402083 0.671875 0.400000 0.673438 0.397917 0.673438 0.393750 0.671875 0.391667
0 0.462500 0.391667 0.460938 0.393750 0.460938 0.395833 0.459375 0.397917 0.459375 0.406250 0.460938 0.408333 0.460938 0.410417 0.462500 0.412500 0.464062 0.412500 0.465625 0.410417 0.465625 0.393750 0.464062 0.391667
0 0.553125 0.383333 0.553125 0.389583 0.559375 0.397917 0.562500 0.397917 0.562500 0.391667 0.560937 0.389583 0.560937 0.387500 0.557813 0.383333
0 0.517188 0.381250 0.517188 0.387500 0.518750 0.389583 0.518750 0.391667 0.526563 0.402083 0.526563 0.387500 0.521875 0.381250
0 0.623437 0.400000 0.623437 0.410417 0.628125 0.416667 0.631250 0.416667 0.631250 0.406250 0.626563 0.400000
0 0.718750 0.364583 0.717187 0.366667 0.717187 0.377083 0.720313 0.381250 0.725000 0.381250 0.725000 0.372917 0.723437 0.370833 0.723437 0.368750 0.720313 0.364583
0 0.329688 0.360417 0.329688 0.364583 0.334375 0.370833 0.340625 0.370833 0.340625 0.364583 0.337500 0.360417
0 0.420312 0.350000 0.418750 0.352083 0.418750 0.364583 0.420312 0.366667 0.421875 0.366667 0.425000 0.362500 0.425000 0.352083 0.423438 0.350000
0 0.601562 0.350000 0.600000 0.352083 0.600000 0.354167 0.604688 0.360417 0.614062 0.360417 0.614062 0.356250 0.610938 0.352083 0.607812 0.352083 0.606250 0.350000
0 0.485938 0.339583 0.481250 0.345833 0.481250 0.350000 0.487500 0.350000 0.489063 0.347917 0.490625 0.347917 0.492188 0.345833 0.492188 0.339583
0 0.664062 0.320833 0.660937 0.325000 0.660937 0.335417 0.664062 0.339583 0.665625 0.339583 0.667188 0.337500 0.667188 0.322917 0.665625 0.320833
0 0.539062 0.310417 0.534375 0.316667 0.534375 0.322917 0.539062 0.322917 0.540625 0.320833 0.542188 0.320833 0.546875 0.314583 0.546875 0.310417
0 0.465625 0.295833 0.460938 0.302083 0.460938 0.314583 0.462500 0.314583 0.467187 0.308333 0.467187 0.295833
1 0.245312 0.858333 0.245312 0.868750 0.243750 0.870833 0.243750 0.995833 0.265625 0.995833 0.267188 0.993750 0.267188 0.979167 0.265625 0.977083 0.265625 0.972917 0.264062 0.970833 0.264062 0.958333 0.262500 0.956250 0.262500 0.943750 0.260937 0.941667 0.260937 0.933333 0.259375 0.931250 0.259375 0.920833 0.257812 0.918750 0.257812 0.900000 0.256250 0.897917 0.256250 0.887500 0.253125 0.883333 0.253125 0.870833 0.251563 0.868750 0.251563 0.860417 0.250000 0.858333
