0 0.167187 0.612500 0.165625 0.614583 0.165625 0.616667 0.168750 0.620833 0.170313 0.620833 0.171875 0.622917 0.176563 0.622917 0.178125 0.620833 0.179688 0.620833 0.181250 0.618750 0.181250 0.616667 0.179688 0.614583 0.178125 0.614583 0.176563 0.612500
0 0.679688 0.558333 0.676562 0.562500 0.676562 0.568750 0.682813 0.568750 0.687500 0.562500 0.687500 0.560417 0.685937 0.558333
0 0.123438 0.552083 0.120313 0.556250 0.120313 0.568750 0.121875 0.570833 0.123438 0.570833 0.126562 0.566667 0.126562 0.554167 0.125000 0.552083
0 0.120313 0.531250 0.118750 0.533333 0.118750 0.535417 0.121875 0.539583 0.134375 0.539583 0.134375 0.537500 0.129688 0.531250
0 0.626563 0.520833 0.620313 0.529167 0.620313 0.531250 0.618750 0.533333 0.618750 0.539583 0.623437 0.539583 0.628125 0.533333 0.628125 0.531250 0.629687 0.529167 0.629687 0.522917 0.628125 0.520833
0 0.731250 0.512500 0.726562 0.518750 0.726562 0.520833 0.725000 0.522917 0.725000 0.529167 0.726562 0.531250 0.729688 0.531250 0.732812 0.527083 0.732812 0.525000 0.734375 0.522917 0.734375 0.516667 0.732812 0.514583 0.732812 0.512500
0 0.195312 0.508333 0.190625 0.514583 0.190625 0.518750 0.198437 0.518750 0.203125 0.512500 0.203125 0.508333
0 0.301563 0.477083 0.300000 0.479167 0.300000 0.481250 0.303125 0.485417 0.312500 0.485417 0.315625 0.481250 0.312500 0.477083
0 0.554688 0.472917 0.553125 0.475000 0.553125 0.481250 0.557813 0.487500 0.559375 0.487500 0.560937 0.489583 0.564063 0.489583 0.564063 0.483333 0.562500 0.481250 0.562500 0.479167 0.559375 0.475000 0.557813 0.475000 0.556250 0.472917
0 0.109375 0.468750 0.107813 0.470833 0.106250 0.470833 0.101562 0.477083 0.101562 0.479167 0.103125 0.481250 0.109375 0.481250 0.110937 0.479167 0.114062 0.479167 0.117188 0.475000 0.117188 0.470833 0.115625 0.468750
0 0.628125 0.464583 0.626563 0.466667 0.625000 0.466667 0.623437 0.468750 0.626563 0.472917 0.639062 0.472917 0.640625 0.470833 0.637500 0.466667 0.635938 0.466667 0.634375 0.464583
0 0.175000 0.460417 0.170313 0.466667 0.170313 0.470833 0.168750 0.472917 0.168750 0.475000 0.167187 0.477083 0.167187 0.479167 0.168750 0.481250 0.171875 0.481250 0.176563 0.475000 0.176563 0.468750 0.178125 0.466667 0.178125 0.460417
0 0.662500 0.447917 0.662500 0.454167 0.667188 0.460417 0.670312 0.460417 0.670312 0.454167 0.665625 0.447917
0 0.239063 0.435417 0.237500 0.437500 0.237500 0.454167 0.242188 0.454167 0.242188 0.437500 0.240625 0.435417
0 0.507812 0.427083 0.506250 0.429167 0.503125 0.429167 0.498437 0.435417 0.498437 0.437500 0.500000 0.439583 0.504687 0.439583 0.506250 0.437500 0.509375 0.437500 0.514062 0.431250 0.514062 0.429167 0.512500 0.427083
0 0.365625 0.408333 0.364063 0.410417 0.364063 0.414583 0.371875 0.425000 0.376563 0.425000 0.378125 0.422917 0.378125 0.418750 0.373437 0.412500 0.371875 0.412500 0.370312 0.410417 0.368750 0.410417 0.367188 0.408333
0 0.162500 0.393750 0.159375 0.397917 0.159375 0.410417 0.160938 0.412500 0.164062 0.412500 0.164062 0.410417 0.165625 0.408333 0.165625 0.406250 0.167187 0.404167 0.167187 0.400000 0.165625 0.397917 0.165625 0.395833 0.164062 0.393750
0 0.439063 0.389583 0.434375 0.395833 0.434375 0.400000 0.442188 0.400000 0.446875 0.393750 0.446875 0.389583
0 0.275000 0.387500 0.273438 0.389583 0.273438 0.391667 0.279687 0.400000 0.289062 0.400000 0.289062 0.395833 0.284375 0.389583 0.282813 0.389583 0.281250 0.387500
0 0.553125 0.366667 0.553125 0.379167 0.559375 0.387500 0.560937 0.387500 0.560937 0.375000 0.554688 0.366667
0 0.456250 0.354167 0.454688 0.356250 0.448437 0.356250 0.446875 0.358333 0.445312 0.358333 0.442188 0.362500 0.442188 0.364583 0.443750 0.366667 0.451562 0.366667 0.459375 0.356250 0.459375 0.354167
0 0.629687 0.347917 0.629687 0.352083 0.628125 0.354167 0.628125 0.362500 0.629687 0.364583 0.629687 0.366667 0.632812 0.370833 0.634375 0.370833 0.634375 0.358333 0.631250 0.354167 0.631250 0.347917
0 0.495312 0.320833 0.495312 0.329167 0.498437 0.333333 0.500000 0.333333 0.501563 0.335417 0.504687 0.335417 0.506250 0.333333 0.506250 0.331250 0.504687 0.329167 0.504687 0.327083 0.500000 0.320833
0 0.345313 0.318750 0.343750 0.320833 0.340625 0.320833 0.339062 0.322917 0.339062 0.327083 0.340625 0.329167 0.350000 0.329167 0.351562 0.327083 0.353125 0.327083 0.354687 0.325000 0.354687 0.320833 0.353125 0.320833 0.351562 0.318750
1 0.275000 0.854167 0.273438 0.856250 0.273438 0.931250 0.271875 0.933333 0.271875 0.995833 0.293750 0.995833 0.293750 0.991667 0.295312 0.989583 0.295312 0.977083 0.293750 0.975000 0.293750 0.962500 0.292187 0.960417 0.292187 0.950000 0.290625 0.947917 0.290625 0.927083 0.289062 0.925000 0.289062 0.906250 0.287500 0.904167 0.287500 0.895833 0.285938 0.893750 0.285938 0.883333 0.284375 0.881250 0.284375 0.872917 0.282813 0.870833 0.282813 0.860417 0.281250 0.858333 0.281250 0.856250 0.279687 0.854167
