0 0.767188 0.612500 0.767188 0.622917 0.770312 0.627083 0.770312 0.629167 0.771875 0.631250 0.773438 0.631250 0.775000 0.633333 0.776563 0.633333 0.778125 0.631250 0.778125 0.627083 0.776563 0.625000 0.776563 0.622917 0.775000 0.620833 0.775000 0.618750 0.770312 0.612500
0 0.123438 0.545833 0.121875 0.547917 0.121875 0.564583 0.123438 0.566667 0.126562 0.566667 0.126562 0.564583 0.128125 0.562500 0.128125 0.547917 0.126562 0.545833
0 0.232813 0.545833 0.231250 0.547917 0.231250 0.552083 0.234375 0.556250 0.245312 0.556250 0.245312 0.552083 0.242188 0.547917 0.240625 0.547917 0.239063 0.545833
0 0.167187 0.527083 0.165625 0.529167 0.165625 0.533333 0.167187 0.535417 0.167187 0.537500 0.170313 0.541667 0.176563 0.541667 0.176563 0.535417 0.170313 0.527083
0 0.362500 0.514583 0.362500 0.520833 0.364063 0.522917 0.364063 0.525000 0.368750 0.531250 0.370312 0.531250 0.371875 0.529167 0.371875 0.522917 0.365625 0.514583
0 0.067187 0.481250 0.065625 0.483333 0.062500 0.483333 0.056250 0.491667 0.056250 0.493750 0.065625 0.493750 0.070312 0.487500 0.070312 0.481250
0 0.639062 0.477083 0.637500 0.479167 0.637500 0.489583 0.639062 0.491667 0.639062 0.493750 0.642188 0.497917 0.643750 0.497917 0.645312 0.495833 0.645312 0.485417 0.643750 0.483333 0.643750 0.481250 0.640625 0.477083
0 0.721875 0.468750 0.720313 0.470833 0.718750 0.470833 0.712500 0.479167 0.712500 0.485417 0.717187 0.485417 0.723437 0.477083 0.723437 0.470833
0 0.471875 0.470833 0.467187 0.477083 0.467187 0.481250 0.471875 0.481250 0.473438 0.479167 0.475000 0.479167 0.479687 0.472917 0.479687 0.470833
0 0.429688 0.464583 0.428125 0.466667 0.426563 0.466667 0.423438 0.470833 0.423438 0.475000 0.425000 0.477083 0.429688 0.477083 0.431250 0.475000 0.432812 0.475000 0.434375 0.472917 0.435937 0.472917 0.439063 0.468750 0.439063 0.464583
0 0.257812 0.460417 0.256250 0.462500 0.254688 0.462500 0.254688 0.466667 0.256250 0.468750 0.257812 0.468750 0.259375 0.470833 0.267188 0.470833 0.268750 0.468750 0.270313 0.468750 0.270313 0.466667 0.267188 0.462500 0.265625 0.462500 0.264062 0.460417
0 0.148438 0.460417 0.148438 0.470833 0.150000 0.472917 0.151562 0.472917 0.153125 0.475000 0.157812 0.475000 0.157812 0.466667 0.153125 0.460417
0 0.609375 0.454167 0.607812 0.456250 0.607812 0.468750 0.609375 0.470833 0.609375 0.472917 0.614062 0.479167 0.615625 0.479167 0.615625 0.477083 0.614062 0.475000 0.614062 0.464583 0.612500 0.462500 0.612500 0.458333 0.610938 0.456250 0.610938 0.454167
0 0.514062 0.452083 0.514062 0.462500 0.520312 0.470833 0.521875 0.470833 0.521875 0.460417 0.515625 0.452083
0 0.382812 0.445833 0.376563 0.454167 0.376563 0.460417 0.381250 0.460417 0.385937 0.454167 0.385937 0.452083 0.387500 0.450000 0.387500 0.445833
0 0.493750 0.443750 0.493750 0.454167 0.495312 0.456250 0.495312 0.458333 0.500000 0.464583 0.501563 0.464583 0.501563 0.452083 0.495312 0.443750
0 0.109375 0.441667 0.104688 0.447917 0.104688 0.452083 0.103125 0.454167 0.103125 0.456250 0.104688 0.458333 0.107813 0.458333 0.114062 0.450000 0.114062 0.441667
0 0.707812 0.435417 0.707812 0.443750 0.712500 0.450000 0.717187 0.450000 0.717187 0.441667 0.712500 0.435417
0 0.629687 0.425000 0.626563 0.429167 0.628125 0.431250 0.629687 0.431250 0.631250 0.433333 0.637500 0.433333 0.639062 0.431250 0.642188 0.431250 0.642188 0.429167 0.639062 0.425000
0 0.353125 0.412500 0.351562 0.414583 0.351562 0.425000 0.353125 0.427083 0.353125 0.429167 0.356250 0.433333 0.360938 0.433333 0.360938 0.431250 0.359375 0.429167 0.359375 0.420833 0.356250 0.416667 0.356250 0.414583 0.354687 0.412500
0 0.301563 0.404167 0.300000 0.406250 0.300000 0.418750 0.304688 0.425000 0.306250 0.425000 0.307812 0.422917 0.307812 0.412500 0.306250 0.410417 0.306250 0.408333 0.303125 0.404167
0 0.425000 0.402083 0.423438 0.404167 0.423438 0.408333 0.425000 0.410417 0.425000 0.412500 0.428125 0.416667 0.434375 0.416667 0.434375 0.410417 0.428125 0.402083
0 0.570312 0.391667 0.568750 0.393750 0.568750 0.406250 0.570312 0.408333 0.570312 0.410417 0.571875 0.412500 0.573438 0.412500 0.575000 0.410417 0.575000 0.395833 0.571875 0.391667
0 0.501563 0.383333 0.500000 0.385417 0.500000 0.389583 0.503125 0.393750 0.503125 0.395833 0.506250 0.400000 0.512500 0.400000 0.512500 0.393750 0.504687 0.383333
0 0.406250 0.345833 0.403125 0.350000 0.401562 0.350000 0.401562 0.354167 0.403125 0.356250 0.412500 0.356250 0.414062 0.354167 0.415625 0.354167 0.418750 0.350000 0.418750 0.347917 0.417187 0.345833
0 0.295312 0.308333 0.293750 0.310417 0.293750 0.312500 0.298438 0.318750 0.300000 0.318750 0.301563 0.320833 0.306250 0.320833 0.307812 0.318750 0.307812 0.316667 0.301563 0.308333
1 0.345313 0.843750 0.343750 0.845833 0.343750 0.856250 0.342187 0.858333 0.342187 0.900000 0.340625 0.902083 0.340625 0.995833 0.365625 0.995833 0.365625 0.985417 0.364063 0.983333 0.364063 0.964583 0.362500 0.962500 0.362500 0.952083 0.360938 0.950000 0.360938 0.929167 0.359375 0.927083 0.359375 0.922917 0.357812 0.920833 0.357812 0.900000 0.356250 0.897917 0.356250 0.895833 0.354687 0.893750 0.354687 0.879167 0.353125 0.877083 0.353125 0.864583 0.351562 0.862500 0.351562 0.854167 0.350000 0.852083 0.350000 0.847917 0.346875 0.843750
