0 0.765625 0.631250 0.765625 0.637500 0.773438 0.647917 0.778125 0.647917 0.778125 0.643750 0.776563 0.641667 0.776563 0.639583 0.770312 0.631250
0 0.123438 0.564583 0.121875 0.566667 0.121875 0.583333 0.126562 0.583333 0.128125 0.581250 0.128125 0.568750 0.126562 0.566667 0.126562 0.564583
0 0.232813 0.564583 0.231250 0.566667 0.231250 0.568750 0.235937 0.575000 0.243750 0.575000 0.245312 0.572917 0.245312 0.568750 0.243750 0.566667 0.242188 0.566667 0.240625 0.564583
0 0.165625 0.545833 0.165625 0.550000 0.167187 0.552083 0.167187 0.554167 0.171875 0.560417 0.173437 0.560417 0.175000 0.562500 0.176563 0.562500 0.178125 0.560417 0.178125 0.554167 0.171875 0.545833
0 0.362500 0.533333 0.362500 0.539583 0.364063 0.541667 0.364063 0.543750 0.368750 0.550000 0.371875 0.550000 0.371875 0.541667 0.370312 0.539583 0.370312 0.537500 0.367188 0.533333
0 0.067187 0.500000 0.065625 0.502083 0.060937 0.502083 0.059375 0.504167 0.057813 0.504167 0.054688 0.508333 0.054688 0.510417 0.056250 0.512500 0.065625 0.512500 0.067187 0.510417 0.068750 0.510417 0.071875 0.506250 0.071875 0.502083 0.070312 0.500000
0 0.639062 0.493750 0.637500 0.495833 0.637500 0.506250 0.639062 0.508333 0.639062 0.510417 0.643750 0.516667 0.643750 0.518750 0.642188 0.520833 0.642188 0.535417 0.645312 0.539583 0.646875 0.539583 0.648438 0.537500 0.648438 0.527083 0.646875 0.525000 0.646875 0.522917 0.643750 0.518750 0.645312 0.516667 0.645312 0.502083 0.643750 0.500000 0.643750 0.497917 0.640625 0.493750
0 0.718750 0.487500 0.714063 0.493750 0.714063 0.502083 0.718750 0.502083 0.723437 0.495833 0.723437 0.487500
0 0.473438 0.487500 0.468750 0.493750 0.468750 0.497917 0.473438 0.497917 0.475000 0.495833 0.476562 0.495833 0.479687 0.491667 0.479687 0.487500
0 0.432812 0.481250 0.431250 0.483333 0.429688 0.483333 0.428125 0.485417 0.426563 0.485417 0.423438 0.489583 0.423438 0.491667 0.425000 0.493750 0.431250 0.493750 0.432812 0.491667 0.435937 0.491667 0.439063 0.487500 0.439063 0.483333 0.437500 0.481250
0 0.259375 0.477083 0.257812 0.479167 0.254688 0.479167 0.254688 0.483333 0.257812 0.487500 0.260937 0.487500 0.262500 0.489583 0.267188 0.489583 0.270313 0.485417 0.270313 0.483333 0.268750 0.481250 0.267188 0.481250 0.265625 0.479167 0.264062 0.479167 0.262500 0.477083
0 0.148438 0.479167 0.148438 0.487500 0.153125 0.493750 0.154688 0.493750 0.156250 0.491667 0.157812 0.491667 0.157812 0.485417 0.153125 0.479167
0 0.606250 0.468750 0.604688 0.470833 0.604688 0.477083 0.604688 0.479167 0.604688 0.481250 0.604688 0.483333 0.606250 0.487500 0.606250 0.489583 0.609375 0.491667 0.609375 0.493750 0.609375 0.493750 0.612500 0.493750 0.614062 0.495833 0.614062 0.493750 0.614062 0.489583 0.617188 0.487500 0.617188 0.481250 0.614062 0.479167 0.614062 0.475000 0.612500 0.468750
0 0.514062 0.470833 0.514062 0.481250 0.520312 0.489583 0.523438 0.489583 0.523438 0.481250 0.521875 0.479167 0.521875 0.477083 0.517188 0.470833
0 0.384375 0.462500 0.375000 0.475000 0.375000 0.479167 0.381250 0.479167 0.385937 0.472917 0.385937 0.470833 0.387500 0.468750 0.387500 0.462500
0 0.493750 0.462500 0.493750 0.472917 0.500000 0.481250 0.501563 0.481250 0.501563 0.468750 0.496875 0.462500
0 0.109375 0.460417 0.101562 0.470833 0.101562 0.477083 0.107813 0.477083 0.114062 0.468750 0.114062 0.466667 0.115625 0.464583 0.115625 0.460417
0 0.709375 0.452083 0.707812 0.454167 0.707812 0.460417 0.714063 0.468750 0.718750 0.468750 0.718750 0.462500 0.715625 0.458333 0.715625 0.456250 0.712500 0.452083
0 0.631250 0.441667 0.628125 0.445833 0.628125 0.447917 0.629687 0.450000 0.639062 0.450000 0.640625 0.447917 0.642188 0.447917 0.642188 0.445833 0.639062 0.441667
0 0.353125 0.431250 0.351562 0.433333 0.351562 0.441667 0.353125 0.443750 0.353125 0.445833 0.357812 0.452083 0.360938 0.452083 0.360938 0.447917 0.359375 0.445833 0.359375 0.437500 0.354687 0.431250
0 0.301563 0.422917 0.300000 0.425000 0.300000 0.435417 0.301563 0.437500 0.301563 0.439583 0.303125 0.439583 0.304688 0.441667 0.306250 0.441667 0.307812 0.439583 0.307812 0.427083 0.304688 0.422917
0 0.425000 0.420833 0.425000 0.429167 0.429688 0.435417 0.432812 0.435417 0.434375 0.433333 0.434375 0.427083 0.429688 0.420833
0 0.570312 0.410417 0.568750 0.412500 0.568750 0.422917 0.570312 0.425000 0.570312 0.427083 0.571875 0.429167 0.575000 0.429167 0.575000 0.414583 0.571875 0.410417
0 0.500000 0.402083 0.500000 0.406250 0.503125 0.410417 0.503125 0.412500 0.506250 0.416667 0.507812 0.416667 0.509375 0.418750 0.512500 0.418750 0.512500 0.410417 0.506250 0.402083
0 0.406250 0.364583 0.403125 0.368750 0.403125 0.370833 0.404687 0.372917 0.414062 0.372917 0.418750 0.366667 0.417187 0.364583
0 0.295312 0.327083 0.295312 0.333333 0.300000 0.339583 0.307812 0.339583 0.307812 0.333333 0.303125 0.327083
1 0.482812 0.841667 0.481250 0.843750 0.481250 0.858333 0.479687 0.860417 0.479687 0.881250 0.478125 0.883333 0.478125 0.931250 0.476562 0.933333 0.476562 0.962500 0.475000 0.964583 0.475000 0.995833 0.501563 0.995833 0.501563 0.952083 0.500000 0.950000 0.500000 0.947917 0.498437 0.945833 0.498437 0.935417 0.496875 0.933333 0.496875 0.916667 0.495312 0.914583 0.495312 0.900000 0.493750 0.897917 0.493750 0.881250 0.492188 0.881250 0.490625 0.879167 0.490625 0.860417 0.489063 0.858333 0.489063 0.850000 0.487500 0.847917 0.487500 0.843750 0.485938 0.841667
