0 0.060937 0.572917 0.057813 0.577083 0.057813 0.581250 0.056250 0.583333 0.056250 0.589583 0.057813 0.591667 0.060937 0.591667 0.064062 0.587500 0.064062 0.583333 0.065625 0.581250 0.065625 0.577083 0.064062 0.575000 0.064062 0.572917
0 0.125000 0.568750 0.120313 0.575000 0.120313 0.577083 0.118750 0.579167 0.118750 0.583333 0.125000 0.583333 0.129688 0.577083 0.129688 0.568750
0 0.165625 0.552083 0.165625 0.556250 0.167187 0.558333 0.167187 0.560417 0.171875 0.566667 0.178125 0.566667 0.178125 0.562500 0.176563 0.560417 0.176563 0.558333 0.171875 0.552083
0 0.548438 0.543750 0.543750 0.550000 0.543750 0.556250 0.550000 0.556250 0.554688 0.550000 0.554688 0.543750
0 0.357812 0.537500 0.356250 0.539583 0.356250 0.541667 0.354687 0.543750 0.354687 0.556250 0.356250 0.558333 0.357812 0.558333 0.360938 0.554167 0.360938 0.547917 0.362500 0.545833 0.362500 0.543750 0.360938 0.541667 0.360938 0.539583 0.359375 0.537500
0 0.392188 0.529167 0.390625 0.531250 0.390625 0.533333 0.395313 0.539583 0.403125 0.539583 0.404687 0.537500 0.404687 0.535417 0.401562 0.531250 0.400000 0.531250 0.398438 0.529167
0 0.643750 0.525000 0.642188 0.527083 0.642188 0.539583 0.645312 0.543750 0.646875 0.543750 0.646875 0.529167
0 0.314063 0.529167 0.309375 0.535417 0.309375 0.543750 0.314063 0.543750 0.317188 0.539583 0.317188 0.537500 0.320312 0.533333 0.320312 0.529167
0 0.223438 0.514583 0.223438 0.520833 0.225000 0.522917 0.225000 0.525000 0.229687 0.531250 0.231250 0.531250 0.231250 0.518750 0.228125 0.514583
0 0.679688 0.497917 0.678125 0.500000 0.678125 0.502083 0.681250 0.506250 0.684375 0.506250 0.685937 0.508333 0.692187 0.508333 0.695312 0.504167 0.695312 0.502083 0.692187 0.497917
0 0.059375 0.493750 0.059375 0.510417 0.062500 0.514583 0.064062 0.514583 0.065625 0.512500 0.065625 0.497917 0.062500 0.493750
0 0.475000 0.491667 0.473438 0.493750 0.471875 0.493750 0.467187 0.500000 0.467187 0.504167 0.475000 0.504167 0.481250 0.495833 0.481250 0.491667
0 0.257812 0.485417 0.253125 0.491667 0.253125 0.504167 0.254688 0.504167 0.259375 0.497917 0.259375 0.495833 0.260937 0.493750 0.260937 0.485417
0 0.643750 0.477083 0.642188 0.479167 0.642188 0.502083 0.646875 0.495833 0.646875 0.479167 0.645312 0.477083
0 0.607812 0.477083 0.606250 0.479167 0.606250 0.487500 0.607812 0.489583 0.607812 0.491667 0.610938 0.495833 0.614062 0.495833 0.614062 0.485417 0.612500 0.483333 0.612500 0.481250 0.609375 0.477083
0 0.514062 0.477083 0.514062 0.485417 0.515625 0.487500 0.515625 0.489583 0.518750 0.493750 0.523438 0.493750 0.523438 0.487500 0.521875 0.485417 0.521875 0.483333 0.517188 0.477083
0 0.398438 0.466667 0.398438 0.468750 0.400000 0.470833 0.401562 0.470833 0.406250 0.477083 0.414062 0.477083 0.414062 0.470833 0.410938 0.466667
0 0.028125 0.456250 0.028125 0.468750 0.032813 0.475000 0.034375 0.475000 0.035937 0.472917 0.035937 0.464583 0.034375 0.462500 0.034375 0.460417 0.031250 0.456250
0 0.329688 0.456250 0.326562 0.460417 0.326562 0.462500 0.328125 0.464583 0.343750 0.464583 0.345313 0.462500 0.345313 0.460417 0.343750 0.458333 0.339062 0.458333 0.337500 0.456250
0 0.370312 0.452083 0.368750 0.454167 0.368750 0.468750 0.370312 0.468750 0.371875 0.470833 0.373437 0.470833 0.375000 0.468750 0.375000 0.456250 0.371875 0.452083
0 0.560937 0.447917 0.559375 0.450000 0.559375 0.454167 0.565625 0.462500 0.568750 0.462500 0.568750 0.454167 0.564063 0.447917
0 0.298438 0.435417 0.295312 0.439583 0.295312 0.452083 0.296875 0.452083 0.298438 0.454167 0.300000 0.454167 0.303125 0.450000 0.303125 0.439583 0.300000 0.435417
0 0.720313 0.433333 0.720313 0.445833 0.721875 0.447917 0.721875 0.450000 0.725000 0.454167 0.726562 0.454167 0.728125 0.452083 0.728125 0.443750 0.726562 0.441667 0.726562 0.439583 0.721875 0.433333
0 0.235937 0.431250 0.232813 0.435417 0.232813 0.447917 0.235937 0.447917 0.240625 0.441667 0.240625 0.435417 0.239063 0.433333 0.239063 0.431250
0 0.653125 0.431250 0.651563 0.433333 0.651563 0.435417 0.654687 0.439583 0.662500 0.439583 0.664062 0.437500 0.665625 0.437500 0.667188 0.435417 0.667188 0.433333 0.665625 0.431250
0 0.507812 0.427083 0.506250 0.429167 0.506250 0.443750 0.507812 0.445833 0.510938 0.445833 0.512500 0.443750 0.512500 0.431250 0.510938 0.429167 0.510938 0.427083
0 0.450000 0.427083 0.450000 0.433333 0.451562 0.435417 0.451562 0.439583 0.453125 0.441667 0.459375 0.441667 0.459375 0.437500 0.457813 0.435417 0.457813 0.433333 0.453125 0.427083
0 0.098437 0.427083 0.096875 0.429167 0.095312 0.429167 0.092188 0.433333 0.092188 0.437500 0.103125 0.437500 0.107813 0.431250 0.107813 0.429167 0.106250 0.427083
0 0.410938 0.418750 0.407813 0.422917 0.407813 0.425000 0.406250 0.427083 0.406250 0.437500 0.407813 0.439583 0.409375 0.439583 0.412500 0.435417 0.412500 0.431250 0.414062 0.429167 0.414062 0.418750
0 0.576562 0.414583 0.573438 0.418750 0.573438 0.435417 0.576562 0.435417 0.578125 0.433333 0.578125 0.416667
1 0.554688 0.843750 0.553125 0.845833 0.551562 0.845833 0.551562 0.858333 0.550000 0.860417 0.550000 0.889583 0.548438 0.891667 0.548438 0.908333 0.546875 0.910417 0.546875 0.941667 0.545312 0.943750 0.545312 0.966667 0.543750 0.968750 0.543750 0.995833 0.570312 0.995833 0.570312 0.954167 0.568750 0.952083 0.568750 0.939583 0.567187 0.937500 0.567187 0.931250 0.565625 0.929167 0.565625 0.908333 0.564063 0.906250 0.564063 0.900000 0.562500 0.897917 0.562500 0.877083 0.560937 0.875000 0.560937 0.858333 0.559375 0.856250 0.559375 0.852083 0.557813 0.850000 0.557813 0.845833 0.556250 0.843750
