0 0.060937 0.493750 0.056250 0.500000 0.056250 0.512500 0.057813 0.514583 0.060937 0.514583 0.064062 0.510417 0.064062 0.495833 0.062500 0.493750
0 0.126562 0.489583 0.118750 0.500000 0.118750 0.506250 0.123438 0.506250 0.128125 0.500000 0.128125 0.497917 0.129688 0.495833 0.129688 0.491667 0.128125 0.489583
0 0.165625 0.475000 0.165625 0.481250 0.171875 0.489583 0.176563 0.489583 0.176563 0.481250 0.171875 0.475000
0 0.550000 0.466667 0.548438 0.468750 0.546875 0.468750 0.542188 0.475000 0.542188 0.481250 0.546875 0.481250 0.553125 0.472917 0.553125 0.466667
0 0.356250 0.462500 0.353125 0.466667 0.353125 0.479167 0.354687 0.479167 0.356250 0.481250 0.357812 0.481250 0.359375 0.479167 0.359375 0.472917 0.360938 0.470833 0.360938 0.466667 0.359375 0.464583 0.359375 0.462500
0 0.390625 0.454167 0.389062 0.456250 0.389062 0.458333 0.390625 0.460417 0.392188 0.460417 0.393750 0.462500 0.395313 0.462500 0.396875 0.464583 0.400000 0.464583 0.401562 0.462500 0.404687 0.462500 0.404687 0.458333 0.403125 0.456250 0.401562 0.456250 0.400000 0.454167
0 0.314063 0.452083 0.307812 0.460417 0.307812 0.468750 0.310937 0.468750 0.312500 0.466667 0.314063 0.466667 0.317188 0.462500 0.317188 0.460417 0.318750 0.458333 0.318750 0.452083
0 0.642188 0.450000 0.640625 0.452083 0.640625 0.464583 0.643750 0.468750 0.646875 0.468750 0.646875 0.456250
0 0.223438 0.437500 0.223438 0.447917 0.228125 0.454167 0.231250 0.454167 0.231250 0.443750 0.226562 0.437500
0 0.678125 0.422917 0.676562 0.425000 0.676562 0.427083 0.678125 0.429167 0.679688 0.429167 0.681250 0.431250 0.684375 0.431250 0.685937 0.433333 0.690625 0.433333 0.693750 0.429167 0.693750 0.427083 0.690625 0.422917
0 0.471875 0.416667 0.465625 0.425000 0.465625 0.427083 0.467187 0.429167 0.471875 0.429167 0.473438 0.427083 0.476562 0.427083 0.479687 0.422917 0.479687 0.416667
0 0.059375 0.416667 0.059375 0.431250 0.060937 0.433333 0.060937 0.435417 0.062500 0.437500 0.064062 0.437500 0.065625 0.435417 0.065625 0.422917 0.064062 0.420833 0.064062 0.418750 0.062500 0.416667
0 0.257812 0.408333 0.251563 0.416667 0.251563 0.427083 0.254688 0.427083 0.259375 0.420833 0.259375 0.408333
0 0.606250 0.402083 0.604688 0.404167 0.604688 0.412500 0.606250 0.414583 0.606250 0.416667 0.609375 0.420833 0.612500 0.420833 0.612500 0.408333 0.607812 0.402083
0 0.642188 0.402083 0.640625 0.404167 0.640625 0.427083 0.642188 0.427083 0.642188 0.425000 0.645312 0.420833 0.645312 0.404167 0.643750 0.402083
0 0.514062 0.400000 0.512500 0.402083 0.512500 0.410417 0.518750 0.418750 0.521875 0.418750 0.521875 0.410417 0.520312 0.408333 0.520312 0.406250 0.515625 0.400000
0 0.398438 0.389583 0.396875 0.391667 0.396875 0.393750 0.398438 0.395833 0.401562 0.395833 0.406250 0.402083 0.412500 0.402083 0.414062 0.400000 0.414062 0.397917 0.407813 0.389583
0 0.328125 0.381250 0.325000 0.385417 0.328125 0.389583 0.340625 0.389583 0.343750 0.385417 0.343750 0.383333 0.342187 0.381250
0 0.028125 0.379167 0.028125 0.391667 0.031250 0.395833 0.034375 0.395833 0.034375 0.383333 0.031250 0.379167
0 0.370312 0.375000 0.368750 0.377083 0.368750 0.395833 0.371875 0.395833 0.373437 0.393750 0.373437 0.391667 0.375000 0.389583 0.375000 0.379167 0.371875 0.375000
0 0.559375 0.372917 0.557813 0.375000 0.557813 0.379167 0.564063 0.387500 0.567187 0.387500 0.567187 0.379167 0.562500 0.372917
0 0.718750 0.360417 0.718750 0.370833 0.720313 0.372917 0.720313 0.375000 0.723437 0.379167 0.725000 0.379167 0.726562 0.377083 0.726562 0.368750 0.725000 0.366667 0.725000 0.364583 0.721875 0.360417
0 0.296875 0.360417 0.295312 0.362500 0.295312 0.377083 0.296875 0.379167 0.300000 0.379167 0.301563 0.377083 0.301563 0.362500 0.300000 0.360417
0 0.654687 0.356250 0.653125 0.358333 0.650000 0.358333 0.650000 0.360417 0.653125 0.364583 0.662500 0.364583 0.665625 0.360417 0.664062 0.358333 0.662500 0.358333 0.660937 0.356250
0 0.235937 0.354167 0.231250 0.360417 0.231250 0.368750 0.232813 0.370833 0.235937 0.370833 0.239063 0.366667 0.239063 0.356250 0.237500 0.354167
0 0.506250 0.350000 0.504687 0.352083 0.504687 0.366667 0.507812 0.370833 0.509375 0.370833 0.510938 0.368750 0.510938 0.356250 0.509375 0.354167 0.509375 0.352083 0.507812 0.350000
0 0.450000 0.352083 0.450000 0.362500 0.453125 0.366667 0.459375 0.366667 0.459375 0.362500 0.451562 0.352083
0 0.098437 0.350000 0.096875 0.352083 0.095312 0.352083 0.090625 0.358333 0.090625 0.360417 0.092188 0.362500 0.098437 0.362500 0.100000 0.360417 0.101562 0.360417 0.103125 0.358333 0.104688 0.358333 0.107813 0.354167 0.107813 0.352083 0.106250 0.350000
0 0.410938 0.341667 0.409375 0.343750 0.409375 0.345833 0.406250 0.350000 0.406250 0.364583 0.407813 0.364583 0.410938 0.360417 0.410938 0.358333 0.412500 0.356250 0.412500 0.341667
0 0.575000 0.341667 0.571875 0.345833 0.571875 0.360417 0.575000 0.360417 0.576562 0.358333 0.576562 0.354167 0.578125 0.352083 0.578125 0.343750 0.576562 0.341667
1 0.367188 0.839583 0.367188 0.841667 0.365625 0.843750 0.365625 0.858333 0.364063 0.860417 0.364063 0.920833 0.362500 0.922917 0.362500 0.995833 0.389062 0.995833 0.389062 0.983333 0.387500 0.981250 0.387500 0.964583 0.385937 0.962500 0.385937 0.952083 0.384375 0.950000 0.384375 0.943750 0.382812 0.941667 0.382812 0.929167 0.381250 0.927083 0.381250 0.900000 0.379688 0.897917 0.379688 0.883333 0.378125 0.881250 0.378125 0.872917 0.376563 0.870833 0.376563 0.860417 0.375000 0.858333 0.375000 0.850000 0.373437 0.847917 0.373437 0.843750 0.371875 0.841667 0.371875 0.839583
